0
0	6	613	0	0	610	611	0	0	0	0	1	1	10	65	3000000	1	32	0	0	0	0	0	0	0	0	0	0	0	0	0	0	0	0	0	0	0	0	0	0	0	0	0	0	0	0	0	0	0	0	0	0	0	0	0	0	0	0	0	0	0	0	0	0	0	0	0	0	0	0	0	0	0	0	0	0	0	0	0	0	0	90	65	65	85	0	7190	7190	0	255	0	255	0	255	1	1	0	6159	6159	0	255	0	255	0	255	1	1	0	0	0	0	0	0	0	0	0	0	0	0	0	0	0	0	0	0	0	0	0	0	0	0	0	0	0	0	0	0	0	0	0	0	0	0	0	0	0	0	0	0	0	0	0	0	0	0	0	0	0	0	0	0	0	0	0	0	0	0	0	0	0	0	0	0	0	2
1	3	604	0	0	606	607	608	0	0	0	5	4	10	65	2000000	3	0	1112014848	1	0	64	0	0	0	0	0	0	0	0	0	0	0	0	0	0	0	0	0	0	0	0	0	0	0	0	0	0	0	0	0	0	0	0	0	0	0	0	0	0	0	0	0	0	0	0	0	0	0	0	0	0	0	0	0	0	0	0	0	0	0	75	69	65	65	0	0	7167	9	9	0	255	0	255	1	1	1	6159	6159	0	255	0	255	0	255	1	1	0	7181	7181	0	255	0	255	0	255	1	1	0	7182	7182	0	255	0	255	0	255	1	1	0	0	0	0	0	0	0	0	0	0	0	0	0	0	0	0	0	0	0	0	0	0	0	0	0	0	0	0	0	0	0	0	0	0	0	0	0	0	0	0	0	0	0	0	0	4
2	3	604	0	0	606	607	608	0	0	0	5	4	10	65	2000000	3	0	1112014848	1	0	64	0	0	0	0	0	0	0	0	0	0	0	0	0	0	0	0	0	0	0	0	0	0	0	0	0	0	0	0	0	0	0	0	0	0	0	0	0	0	0	0	0	0	0	0	0	0	0	0	0	0	0	0	0	0	0	0	0	0	0	75	69	65	65	0	0	7167	9	9	0	255	0	255	1	1	4	6159	6159	0	255	0	255	0	255	1	1	0	7181	7181	0	255	0	255	0	255	1	1	0	7182	7182	0	255	0	255	0	255	1	1	0	0	0	0	0	0	0	0	0	0	0	0	0	0	0	0	0	0	0	0	0	0	0	0	0	0	0	0	0	0	0	0	0	0	0	0	0	0	0	0	0	0	0	0	0	4
3	3	604	0	0	606	607	608	0	0	0	5	4	10	65	2000000	3	0	1112014848	1	0	64	0	0	0	0	0	0	0	0	0	0	0	0	0	0	0	0	0	0	0	0	0	0	0	0	0	0	0	0	0	0	0	0	0	0	0	0	0	0	0	0	0	0	0	0	0	0	0	0	0	0	0	0	0	0	0	0	0	0	0	75	69	65	65	0	0	7167	9	9	0	255	0	255	1	1	2	6159	6159	0	255	0	255	0	255	1	1	0	7181	7181	0	255	0	255	0	255	1	1	0	7182	7182	0	255	0	255	0	255	1	1	0	0	0	0	0	0	0	0	0	0	0	0	0	0	0	0	0	0	0	0	0	0	0	0	0	0	0	0	0	0	0	0	0	0	0	0	0	0	0	0	0	0	0	0	0	4
4	3	604	0	0	606	607	608	0	0	0	5	4	10	65	2000000	3	0	1109393408	1	0	64	0	0	0	0	0	0	0	0	0	0	0	0	0	0	0	0	0	0	0	0	0	0	0	0	0	0	0	0	0	0	0	0	0	0	0	0	0	0	0	0	0	0	0	0	0	0	0	0	0	0	0	0	0	0	0	0	0	0	0	65	69	65	65	0	0	7167	9	9	0	255	0	255	1	1	16	6159	6159	0	255	0	255	0	255	1	1	0	7181	7181	0	255	0	255	0	255	1	1	0	7182	7182	0	255	0	255	0	255	1	1	0	0	0	0	0	0	0	0	0	0	0	0	0	0	0	0	0	0	0	0	0	0	0	0	0	0	0	0	0	0	0	0	0	0	0	0	0	0	0	0	0	0	0	0	0	4
5	3	604	0	0	606	607	608	0	0	0	5	4	10	65	2000000	3	0	1114636288	1	0	64	0	0	0	0	0	0	0	0	0	0	0	0	0	0	0	0	0	0	0	0	0	0	0	0	0	0	0	0	0	0	0	0	0	0	0	0	0	0	0	0	0	0	0	0	0	0	0	0	0	0	0	0	0	0	0	0	0	0	0	85	69	65	65	0	0	7167	9	9	0	255	0	255	1	1	0	6159	6159	0	255	0	255	0	255	1	1	0	7181	7181	0	255	0	255	0	255	1	1	0	7182	7182	0	255	0	255	0	255	1	1	0	0	0	0	0	0	0	0	0	0	0	0	0	0	0	0	0	0	0	0	0	0	0	0	0	0	0	0	0	0	0	0	0	0	0	0	0	0	0	0	0	0	0	0	0	4
6	4	605	0	0	606	607	608	0	0	0	5	4	10	65	4000000	3	0	1112014848	1	0	64	0	0	0	0	0	0	0	0	0	0	0	0	0	0	0	0	0	0	0	0	0	0	0	0	0	0	0	0	0	0	0	0	0	0	0	0	0	0	0	0	0	0	0	0	0	0	0	0	0	0	0	0	0	0	0	0	0	0	0	75	69	65	65	0	0	7167	10	10	0	255	0	255	1	1	1	6159	6159	0	255	0	255	0	255	1	1	0	7181	7181	0	255	0	255	0	255	2	2	0	7182	7182	0	255	0	255	0	255	2	2	0	0	0	0	0	0	0	0	0	0	0	0	0	0	0	0	0	0	0	0	0	0	0	0	0	0	0	0	0	0	0	0	0	0	0	0	0	0	0	0	0	0	0	0	0	4
7	4	605	0	0	606	607	608	0	0	0	5	4	10	65	4000000	3	0	1112014848	1	0	64	0	0	0	0	0	0	0	0	0	0	0	0	0	0	0	0	0	0	0	0	0	0	0	0	0	0	0	0	0	0	0	0	0	0	0	0	0	0	0	0	0	0	0	0	0	0	0	0	0	0	0	0	0	0	0	0	0	0	0	75	69	65	65	0	0	7167	10	10	0	255	0	255	1	1	4	6159	6159	0	255	0	255	0	255	1	1	0	7181	7181	0	255	0	255	0	255	2	2	0	7182	7182	0	255	0	255	0	255	2	2	0	0	0	0	0	0	0	0	0	0	0	0	0	0	0	0	0	0	0	0	0	0	0	0	0	0	0	0	0	0	0	0	0	0	0	0	0	0	0	0	0	0	0	0	0	4
8	4	605	0	0	606	607	608	0	0	0	5	4	10	65	4000000	3	0	1112014848	1	0	64	0	0	0	0	0	0	0	0	0	0	0	0	0	0	0	0	0	0	0	0	0	0	0	0	0	0	0	0	0	0	0	0	0	0	0	0	0	0	0	0	0	0	0	0	0	0	0	0	0	0	0	0	0	0	0	0	0	0	0	75	69	65	65	0	0	7167	10	10	0	255	0	255	1	1	2	6159	6159	0	255	0	255	0	255	1	1	0	7181	7181	0	255	0	255	0	255	2	2	0	7182	7182	0	255	0	255	0	255	2	2	0	0	0	0	0	0	0	0	0	0	0	0	0	0	0	0	0	0	0	0	0	0	0	0	0	0	0	0	0	0	0	0	0	0	0	0	0	0	0	0	0	0	0	0	0	4
9	4	605	0	0	606	607	608	0	0	0	5	4	10	65	4000000	3	0	1109393408	1	0	64	0	0	0	0	0	0	983552	16781312	0	0	0	0	0	0	0	0	0	0	0	0	0	0	0	0	0	0	0	0	0	0	0	0	0	0	0	0	0	0	0	0	0	0	0	0	0	0	0	0	0	0	0	0	0	0	0	0	0	0	0	65	69	65	65	0	0	7167	10	10	0	255	0	255	1	1	16	6159	6159	0	255	0	255	0	255	1	1	0	7181	7181	0	255	0	255	0	255	2	2	0	7182	7182	0	255	0	255	0	255	2	2	0	0	0	0	0	0	0	0	0	0	0	0	0	0	0	0	0	0	0	0	0	0	0	0	0	0	0	0	0	0	0	0	0	0	0	0	0	0	0	0	0	0	0	0	0	4
10	4	605	0	0	606	607	608	0	0	0	5	4	10	65	4000000	3	0	1114636288	1	0	64	0	0	0	0	0	0	0	0	0	0	0	0	0	0	0	0	0	0	0	0	0	0	0	0	0	0	0	0	0	0	0	0	0	0	0	0	0	0	0	0	0	0	0	0	0	0	0	0	0	0	0	0	0	0	0	0	0	0	0	85	69	65	65	0	0	7167	10	10	0	255	0	255	1	1	0	6159	6159	0	255	0	255	0	255	1	1	0	7181	7181	0	255	0	255	0	255	2	2	0	7182	7182	0	255	0	255	0	255	2	2	0	0	0	0	0	0	0	0	0	0	0	0	0	0	0	0	0	0	0	0	0	0	0	0	0	0	0	0	0	0	0	0	0	0	0	0	0	0	0	0	0	0	0	0	0	4
11	22	665	0	0	606	607	608	0	0	0	5	4	10	65	6000000	3	0	1110704128	1	0	64	0	0	0	0	0	0	0	0	0	0	0	0	0	0	0	0	0	0	0	0	0	0	0	0	0	0	0	0	0	0	0	0	0	0	0	0	0	0	0	0	0	0	0	0	0	0	0	0	0	0	0	0	0	0	0	0	0	0	0	70	69	65	65	0	0	7167	11	11	0	255	0	255	1	1	1	6159	6159	0	255	0	255	0	255	1	1	0	7181	7181	0	255	0	255	0	255	3	3	0	7182	7182	0	255	0	255	0	255	3	3	0	0	0	0	0	0	0	0	0	0	0	0	0	0	0	0	0	0	0	0	0	0	0	0	0	0	0	0	0	0	0	0	0	0	0	0	0	0	0	0	0	0	0	0	0	4
12	22	665	0	0	606	607	608	0	0	0	5	4	10	65	6000000	3	0	1110704128	1	0	64	0	0	0	0	0	0	0	0	0	0	0	0	0	0	0	0	0	0	0	0	0	0	0	0	0	0	0	0	0	0	0	0	0	0	0	0	0	0	0	0	0	0	0	0	0	0	0	0	0	0	0	0	0	0	0	0	0	0	0	70	69	65	65	0	0	7167	11	11	0	255	0	255	1	1	4	6159	6159	0	255	0	255	0	255	1	1	0	7181	7181	0	255	0	255	0	255	3	3	0	7182	7182	0	255	0	255	0	255	3	3	0	0	0	0	0	0	0	0	0	0	0	0	0	0	0	0	0	0	0	0	0	0	0	0	0	0	0	0	0	0	0	0	0	0	0	0	0	0	0	0	0	0	0	0	0	4
13	22	665	0	0	606	607	608	0	0	0	5	4	10	65	6000000	3	0	1110704128	1	0	64	0	0	0	0	0	0	0	0	0	0	0	0	0	0	0	0	0	0	0	0	0	0	0	0	0	0	0	0	0	0	0	0	0	0	0	0	0	0	0	0	0	0	0	0	0	0	0	0	0	0	0	0	0	0	0	0	0	0	0	70	69	65	65	0	0	7167	11	11	0	255	0	255	1	1	2	6159	6159	0	255	0	255	0	255	1	1	0	7181	7181	0	255	0	255	0	255	3	3	0	7182	7182	0	255	0	255	0	255	3	3	0	0	0	0	0	0	0	0	0	0	0	0	0	0	0	0	0	0	0	0	0	0	0	0	0	0	0	0	0	0	0	0	0	0	0	0	0	0	0	0	0	0	0	0	0	4
14	22	665	0	0	606	607	608	0	0	0	5	4	10	65	6000000	3	0	1108082688	1	0	64	0	0	0	0	0	0	0	0	0	0	0	0	0	0	0	0	0	0	0	0	0	0	0	0	0	0	0	0	0	0	0	0	0	0	0	0	0	0	0	0	0	0	0	0	0	0	0	0	0	0	0	0	0	0	0	0	0	0	0	60	69	65	65	0	0	7167	11	11	0	255	0	255	1	1	16	6159	6159	0	255	0	255	0	255	1	1	0	7181	7181	0	255	0	255	0	255	3	3	0	7182	7182	0	255	0	255	0	255	3	3	0	0	0	0	0	0	0	0	0	0	0	0	0	0	0	0	0	0	0	0	0	0	0	0	0	0	0	0	0	0	0	0	0	0	0	0	0	0	0	0	0	0	0	0	0	4
15	22	665	0	0	606	607	608	0	0	0	5	4	10	65	6000000	3	0	1113325568	1	0	64	0	0	0	0	0	0	0	0	0	0	0	0	0	0	0	0	0	0	0	0	0	0	0	0	0	0	0	0	0	0	0	0	0	0	1901056	16781312	0	0	0	0	0	0	0	0	0	0	0	0	0	0	0	0	0	0	0	0	0	0	0	80	69	65	65	0	0	7167	11	11	0	255	0	255	1	1	0	6159	6159	0	255	0	255	0	255	1	1	0	7181	7181	0	255	0	255	0	255	3	3	0	7182	7182	0	255	0	255	0	255	3	3	0	0	0	0	0	0	0	0	0	0	0	0	0	0	0	0	0	0	0	0	0	0	0	0	0	0	0	0	0	0	0	0	0	0	0	0	0	0	0	0	0	0	0	0	0	4
16	23	666	0	0	606	607	608	0	0	0	5	4	10	65	8000000	3	0	1110704128	1	0	64	0	0	0	0	0	0	0	0	0	0	0	0	0	0	0	0	0	0	0	0	0	0	0	0	0	0	0	0	0	0	0	0	0	0	0	0	0	0	0	0	0	0	0	0	0	0	0	0	0	0	0	0	0	0	0	0	0	0	0	70	69	65	65	0	0	7167	12	12	0	255	0	255	1	1	1	6159	6159	0	255	0	255	0	255	1	1	0	7181	7181	0	255	0	255	0	255	4	4	0	7182	7182	0	255	0	255	0	255	4	4	0	0	0	0	0	0	0	0	0	0	0	0	0	0	0	0	0	0	0	0	0	0	0	0	0	0	0	0	0	0	0	0	0	0	0	0	0	0	0	0	0	0	0	0	0	4
17	23	666	0	0	606	607	608	0	0	0	5	4	10	65	8000000	3	0	1110704128	1	0	64	0	0	0	0	0	0	0	0	0	0	0	0	0	0	0	0	0	0	0	0	0	0	0	0	0	0	0	0	0	0	0	0	0	0	0	0	0	0	0	0	0	0	0	0	0	0	0	0	0	0	0	0	0	0	0	0	0	0	0	70	69	65	65	0	0	7167	12	12	0	255	0	255	1	1	4	6159	6159	0	255	0	255	0	255	1	1	0	7181	7181	0	255	0	255	0	255	4	4	0	7182	7182	0	255	0	255	0	255	4	4	0	0	0	0	0	0	0	0	0	0	0	0	0	0	0	0	0	0	0	0	0	0	0	0	0	0	0	0	0	0	0	0	0	0	0	0	0	0	0	0	0	0	0	0	0	4
18	23	666	0	0	606	607	608	0	0	0	5	4	10	65	8000000	3	0	1110704128	1	0	64	0	0	0	0	0	0	0	0	0	0	0	0	0	0	0	0	0	0	0	0	0	0	0	0	0	0	0	0	0	0	0	0	0	0	0	0	0	0	0	0	0	0	0	0	0	0	0	0	0	0	0	0	0	0	0	0	0	0	0	70	69	65	65	0	0	7167	12	12	0	255	0	255	1	1	2	6159	6159	0	255	0	255	0	255	1	1	0	7181	7181	0	255	0	255	0	255	4	4	0	7182	7182	0	255	0	255	0	255	4	4	0	0	0	0	0	0	0	0	0	0	0	0	0	0	0	0	0	0	0	0	0	0	0	0	0	0	0	0	0	0	0	0	0	0	0	0	0	0	0	0	0	0	0	0	0	4
19	23	666	0	0	606	607	608	0	0	0	5	4	10	65	8000000	3	0	1108082688	1	0	64	0	0	0	0	0	0	0	0	0	0	0	0	0	0	0	0	0	0	0	0	0	0	0	0	0	0	0	0	0	0	0	0	0	0	0	0	0	0	0	0	0	0	0	0	0	0	0	0	0	0	0	0	0	0	0	0	0	0	0	60	69	65	65	0	0	7167	12	12	0	255	0	255	1	1	16	6159	6159	0	255	0	255	0	255	1	1	0	7181	7181	0	255	0	255	0	255	4	4	0	7182	7182	0	255	0	255	0	255	4	4	0	0	0	0	0	0	0	0	0	0	0	0	0	0	0	0	0	0	0	0	0	0	0	0	0	0	0	0	0	0	0	0	0	0	0	0	0	0	0	0	0	0	0	0	0	4
20	23	666	0	0	606	607	608	0	0	0	5	4	10	65	8000000	3	0	1113325568	1	0	64	0	0	0	0	0	0	0	0	0	0	0	0	0	0	0	0	0	0	0	0	0	0	0	0	0	0	0	0	0	0	0	0	0	0	0	0	0	0	0	0	0	0	0	0	0	0	0	0	0	0	0	0	0	0	0	0	0	0	0	80	69	65	65	0	0	7167	12	12	0	255	0	255	1	1	0	6159	6159	0	255	0	255	0	255	1	1	0	7181	7181	0	255	0	255	0	255	4	4	0	7182	7182	0	255	0	255	0	255	4	4	0	0	0	0	0	0	0	0	0	0	0	0	0	0	0	0	0	0	0	0	0	0	0	0	0	0	0	0	0	0	0	0	0	0	0	0	0	0	0	0	0	0	0	0	0	4
21	49	3086	0	0	606	607	608	0	0	0	5	4	10	65	10000000	3	0	1109393408	1	0	64	0	0	0	0	0	0	0	0	0	0	0	0	0	0	0	0	0	0	0	0	0	0	0	0	0	0	0	0	0	0	0	0	0	0	0	0	0	0	0	0	0	0	0	0	0	0	0	0	0	0	0	0	0	0	0	0	0	0	0	65	69	65	65	0	0	7167	13	13	0	255	0	255	1	1	1	6159	6159	0	255	0	255	0	255	1	1	0	7181	7181	0	255	0	255	0	255	5	5	0	7182	7182	0	255	0	255	0	255	5	5	0	0	0	0	0	0	0	0	0	0	0	0	0	0	0	0	0	0	0	0	0	0	0	0	0	0	0	0	0	0	0	0	0	0	0	0	0	0	0	0	0	0	0	0	0	4
22	49	3086	0	0	606	607	608	0	0	0	5	4	10	65	10000000	3	0	1109393408	1	0	64	0	0	0	0	0	0	0	0	0	0	0	0	0	0	0	0	0	0	0	0	0	0	0	0	0	0	0	0	0	0	0	0	0	0	0	0	0	0	0	0	0	0	0	0	0	0	0	0	0	0	0	0	0	0	0	0	0	0	0	65	69	65	65	0	0	7167	13	13	0	255	0	255	1	1	4	6159	6159	0	255	0	255	0	255	1	1	0	7181	7181	0	255	0	255	0	255	5	5	0	7182	7182	0	255	0	255	0	255	5	5	0	0	0	0	0	0	0	0	0	0	0	0	0	0	0	0	0	0	0	0	0	0	0	0	0	0	0	0	0	0	0	0	0	0	0	0	0	0	0	0	0	0	0	0	0	4
23	49	3086	0	0	606	607	608	0	0	0	5	4	10	65	10000000	3	0	1109393408	1	0	64	0	0	0	0	0	0	0	0	0	0	0	0	0	0	0	0	0	0	0	0	0	0	0	0	0	0	0	0	0	0	0	0	0	0	0	0	0	0	0	0	0	0	0	0	0	0	0	0	0	0	0	0	0	0	0	0	0	0	0	65	69	65	65	0	0	7167	13	13	0	255	0	255	1	1	2	6159	6159	0	255	0	255	0	255	1	1	0	7181	7181	0	255	0	255	0	255	5	5	0	7182	7182	0	255	0	255	0	255	5	5	0	0	0	0	0	0	0	0	0	0	0	0	0	0	0	0	0	0	0	0	0	0	0	0	0	0	0	0	0	0	0	0	0	0	0	0	0	0	0	0	0	0	0	0	0	4
24	49	3086	0	0	606	607	608	0	0	0	5	4	10	65	10000000	3	0	1106247680	1	0	64	0	0	0	0	0	0	0	0	0	0	0	0	0	0	0	0	0	0	0	0	0	0	0	0	0	0	0	0	0	0	0	0	0	0	0	0	0	0	0	0	0	0	0	0	0	0	0	0	0	0	0	0	0	0	0	0	0	0	0	55	69	65	65	0	0	7167	13	13	0	255	0	255	1	1	16	6159	6159	0	255	0	255	0	255	1	1	0	7181	7181	0	255	0	255	0	255	5	5	0	7182	7182	0	255	0	255	0	255	5	5	0	0	0	0	0	0	0	0	0	0	0	0	0	0	0	0	0	0	0	0	0	0	0	0	0	0	0	0	0	0	0	0	0	0	0	0	0	0	0	0	0	0	0	0	0	4
25	49	3086	0	0	606	607	608	0	0	0	5	4	10	65	10000000	3	0	1112014848	1	0	64	0	0	0	0	0	0	0	0	0	0	0	0	0	0	0	0	0	0	0	0	0	0	0	0	0	0	0	0	0	0	0	0	0	0	0	0	0	0	0	0	0	0	0	0	0	0	0	0	0	0	0	0	0	0	0	0	0	0	0	75	69	65	65	0	0	7167	13	13	0	255	0	255	1	1	0	6159	6159	0	255	0	255	0	255	1	1	0	7181	7181	0	255	0	255	0	255	5	5	0	7182	7182	0	255	0	255	0	255	5	5	0	0	0	0	0	0	0	0	0	0	0	0	0	0	0	0	0	0	0	0	0	0	0	0	0	0	0	0	0	0	0	0	0	0	0	0	0	0	0	0	0	0	0	0	0	4
26	50	3087	0	0	606	607	608	0	0	0	5	4	10	65	12000000	3	0	1109393408	1	0	64	0	0	0	0	0	0	0	0	0	0	0	0	0	0	0	0	0	0	0	0	0	0	0	0	0	0	0	0	0	0	0	0	0	0	0	0	0	0	0	0	0	0	0	0	0	0	0	0	0	0	0	0	0	0	0	0	0	0	0	65	69	65	65	0	0	7167	14	14	0	255	0	255	1	1	1	6159	6159	0	255	0	255	0	255	1	1	0	7181	7181	0	255	0	255	0	255	6	6	0	7182	7182	0	255	0	255	0	255	6	6	0	0	0	0	0	0	0	0	0	0	0	0	0	0	0	0	0	0	0	0	0	0	0	0	0	0	0	0	0	0	0	0	0	0	0	0	0	0	0	0	0	0	0	0	0	4
27	50	3087	0	0	606	607	608	0	0	0	5	4	10	65	12000000	3	0	1109393408	1	0	64	0	0	0	0	0	0	0	0	0	0	0	0	0	0	0	0	0	0	0	0	0	0	0	0	0	0	0	0	0	0	0	0	0	0	0	0	0	0	0	0	0	0	0	0	0	0	0	0	0	0	0	0	0	0	0	0	0	0	0	65	69	65	65	0	0	7167	14	14	0	255	0	255	1	1	4	6159	6159	0	255	0	255	0	255	1	1	0	7181	7181	0	255	0	255	0	255	6	6	0	7182	7182	0	255	0	255	0	255	6	6	0	0	0	0	0	0	0	0	0	0	0	0	0	0	0	0	0	0	0	0	0	0	0	0	0	0	0	0	0	0	0	0	0	0	0	0	0	0	0	0	0	0	0	0	0	4
28	50	3087	0	0	606	607	608	0	0	0	5	4	10	65	12000000	3	0	1109393408	1	0	64	0	0	0	0	0	0	0	0	0	0	0	0	0	0	0	0	0	0	0	0	0	0	0	0	0	0	0	0	0	0	0	0	0	0	0	0	0	0	0	0	0	0	0	0	0	0	0	0	0	0	0	0	0	0	0	0	0	0	0	65	69	65	65	0	0	7167	14	14	0	255	0	255	1	1	2	6159	6159	0	255	0	255	0	255	1	1	0	7181	7181	0	255	0	255	0	255	6	6	0	7182	7182	0	255	0	255	0	255	6	6	0	0	0	0	0	0	0	0	0	0	0	0	0	0	0	0	0	0	0	0	0	0	0	0	0	0	0	0	0	0	0	0	0	0	0	0	0	0	0	0	0	0	0	0	0	4
29	50	3087	0	0	606	607	608	0	0	0	5	4	10	65	12000000	3	0	1106247680	1	0	64	0	0	0	0	0	0	0	0	0	0	0	0	0	0	0	0	0	0	0	0	0	0	0	0	0	0	0	0	0	0	0	0	0	0	0	0	0	0	0	0	0	0	0	0	0	0	0	0	0	0	0	0	0	0	0	0	0	0	0	55	69	65	65	0	0	7167	14	14	0	255	0	255	1	1	16	6159	6159	0	255	0	255	0	255	1	1	0	7181	7181	0	255	0	255	0	255	6	6	0	7182	7182	0	255	0	255	0	255	6	6	0	0	0	0	0	0	0	0	0	0	0	0	0	0	0	0	0	0	0	0	0	0	0	0	0	0	0	0	0	0	0	0	0	0	0	0	0	0	0	0	0	0	0	0	0	4
30	50	3087	0	0	606	607	608	0	0	0	5	4	10	65	12000000	3	0	1112014848	1	0	64	0	0	0	0	0	0	0	0	0	0	0	0	0	0	0	0	0	0	0	0	0	0	0	0	0	0	0	0	0	0	0	0	0	0	0	0	0	0	0	0	0	0	0	0	0	0	0	0	0	0	0	0	0	0	0	0	0	0	0	75	69	65	65	0	0	7167	14	14	0	255	0	255	1	1	0	6159	6159	0	255	0	255	0	255	1	1	0	7181	7181	0	255	0	255	0	255	6	6	0	7182	7182	0	255	0	255	0	255	6	6	0	0	0	0	0	0	0	0	0	0	0	0	0	0	0	0	0	0	0	0	0	0	0	0	0	0	0	0	0	0	0	0	0	0	0	0	0	0	0	0	0	0	0	0	0	4
31	11	614	0	0	610	611	0	0	0	0	5	4	10	66	10000	3	33	0	4	0	0	1184645120	0	0	0	0	0	0	0	0	0	0	0	0	0	0	0	0	0	0	0	0	0	0	0	0	0	0	0	0	0	0	0	0	0	0	0	0	0	0	0	0	0	0	0	0	0	0	0	0	0	0	0	0	0	0	0	0	0	0	100	65	65	85	0	1030	1030	4	255	4	255	0	255	1	1	0	6159	6159	0	255	0	255	0	255	1	255	0	7182	7182	0	255	0	255	0	255	0	255	0	7181	7181	0	255	0	255	0	255	0	255	0	0	6143	4	255	4	255	0	255	0	255	0	0	0	0	0	0	0	0	0	0	0	0	0	0	0	0	0	0	0	0	0	0	0	0	0	0	0	0	0	0	0	0	0	0	5
32	11	614	0	0	610	611	0	0	0	0	5	4	10	66	10000	3	33	0	4	0	0	1184645120	0	0	0	0	0	0	0	0	0	0	0	0	0	0	0	0	0	0	0	0	0	0	0	0	0	0	0	0	0	0	0	0	0	0	0	0	0	0	0	0	0	0	0	0	0	0	0	0	0	0	0	0	0	0	0	0	0	0	100	65	65	85	0	2054	2054	4	255	4	255	0	255	1	1	0	6159	6159	0	255	0	255	0	255	1	255	0	7182	7182	0	255	0	255	0	255	0	255	0	7181	7181	0	255	0	255	0	255	0	255	0	0	6143	4	255	4	255	0	255	0	255	0	0	0	0	0	0	0	0	0	0	0	0	0	0	0	0	0	0	0	0	0	0	0	0	0	0	0	0	0	0	0	0	0	0	5
33	11	614	0	0	610	611	0	0	0	0	5	4	10	66	10000	3	33	0	4	0	0	1184645120	0	0	0	0	0	0	0	0	0	0	0	0	0	0	0	0	0	0	0	0	0	0	0	0	0	0	0	0	0	0	0	0	0	0	0	0	0	0	0	0	0	0	0	0	0	0	0	0	0	0	0	0	0	0	0	0	0	0	100	65	65	85	0	2567	2567	4	255	4	255	0	255	1	1	0	6159	6159	0	255	0	255	0	255	1	255	0	7182	7182	0	255	0	255	0	255	0	255	0	7181	7181	0	255	0	255	0	255	0	255	0	0	6143	4	255	4	255	0	255	0	255	0	0	0	0	0	0	0	0	0	4653568	16781312	0	0	0	0	0	0	0	0	0	0	0	0	0	0	0	0	0	0	0	0	0	0	0	5
34	7	614	0	0	610	611	0	0	0	0	5	4	10	65	5000000	13	7	0	5	0	34	0	4	0	0	1249125376	6	0	1	0	7	0	5	0	35	0	4	0	0	1193033728	6	0	0	0	0	0	0	0	0	0	0	0	0	0	0	0	0	0	0	0	0	0	0	0	0	0	0	0	0	0	0	0	0	0	0	0	0	0	0	0	90	65	65	85	0	6144	6146	0	255	0	255	0	255	1	1	0	6670	6670	0	0	0	255	0	255	1	1	0	6159	6159	0	255	0	255	0	255	1	1	0	0	6143	4	255	0	255	0	255	0	255	1	0	0	0	0	0	0	0	0	0	0	0	0	0	0	0	0	0	0	0	0	0	0	0	0	0	0	0	0	0	0	0	0	0	0	0	0	0	0	0	0	0	0	0	0	4
35	7	614	0	0	610	611	0	0	0	0	5	4	10	65	5000000	13	7	0	5	0	34	0	4	0	0	1249125376	6	0	1	0	7	0	5	0	35	0	4	0	0	1193033728	6	0	0	0	0	0	0	0	0	0	0	0	0	0	0	0	0	0	0	0	0	0	0	0	0	0	0	0	0	0	0	0	0	0	0	0	0	0	0	0	90	65	65	85	0	6185	6185	0	255	0	255	0	255	1	1	0	6670	6670	0	0	0	255	0	255	1	1	0	6159	6159	0	255	0	255	0	255	1	1	0	0	6143	4	255	0	255	0	255	0	255	1	0	0	0	0	0	0	0	0	0	0	0	0	0	0	0	0	0	0	0	0	0	0	0	0	0	0	0	0	0	0	0	0	0	0	0	0	0	0	0	0	0	0	0	0	4
36	5	612	0	0	610	611	0	0	0	0	1	1	10	65	500000	1	32	0	0	0	0	0	0	0	0	0	0	0	0	0	0	0	0	0	0	0	0	0	0	0	0	0	0	0	0	0	0	0	0	0	0	0	0	0	0	0	0	0	0	0	0	0	0	0	0	0	0	0	0	0	0	0	0	0	0	0	0	0	0	0	70	65	85	85	0	6658	6658	0	255	0	255	0	255	10	10	0	6159	6159	0	255	0	255	0	255	1	1	0	0	0	0	0	0	0	0	0	0	0	0	0	0	0	0	0	0	0	0	0	0	0	0	0	0	0	0	0	0	0	0	0	0	0	0	0	0	0	0	0	0	0	0	0	0	0	0	0	0	0	0	0	0	0	0	0	0	0	0	0	0	0	0	0	0	0	2
37	8	615	0	0	610	611	0	600	0	0	2	2	15	65	50000	1	32	0	0	0	0	0	0	0	0	0	0	0	0	0	0	0	0	0	0	0	0	0	0	0	0	0	0	0	0	0	0	0	0	0	0	0	0	0	0	0	0	0	0	0	0	0	0	0	0	0	0	0	0	0	0	0	0	0	0	0	0	0	0	0	80	70	65	85	0	6672	6672	1	1	0	255	0	255	1	1	0	6673	6673	1	1	0	255	0	255	1	1	0	6159	6159	0	255	0	255	0	255	1	1	0	0	0	0	0	0	0	0	0	0	0	0	0	0	0	0	0	0	0	0	0	0	0	0	0	0	0	0	0	0	0	0	0	0	0	0	0	0	0	0	0	0	0	0	0	0	0	0	0	0	0	0	0	0	0	0	3
38	8	615	0	0	610	611	0	600	0	0	2	2	15	65	80000	1	32	0	0	0	0	0	0	0	0	0	0	0	0	0	0	0	0	0	0	0	0	0	0	0	0	0	0	0	0	0	0	0	0	0	0	0	0	0	0	0	0	0	0	0	0	0	0	0	0	0	0	0	0	0	0	0	0	0	0	0	0	0	0	0	80	70	65	85	0	6672	6672	2	2	0	255	0	255	1	1	0	6673	6673	2	2	0	255	0	255	1	1	0	6159	6159	0	255	0	255	0	255	1	1	0	0	0	0	0	0	0	0	0	0	0	0	0	0	0	0	0	0	0	0	0	0	0	0	0	0	0	0	0	0	0	0	0	0	0	0	0	0	0	0	0	0	0	0	0	0	0	0	0	0	0	0	0	0	0	0	3
39	8	615	0	0	610	611	0	600	0	0	2	2	15	65	150000	1	32	0	0	0	0	0	0	0	0	0	0	0	0	0	0	0	0	0	0	0	0	0	0	0	0	0	0	0	0	0	0	0	0	0	0	0	0	0	0	0	0	0	0	0	0	0	0	0	0	0	0	0	0	0	0	0	0	0	0	0	0	0	0	0	80	70	65	85	0	6672	6672	3	3	0	255	0	255	1	1	0	6673	6673	3	3	0	255	0	255	1	1	0	6159	6159	0	255	0	255	0	255	1	1	0	0	0	0	0	0	0	0	0	0	0	0	0	0	0	0	0	0	0	0	0	0	0	0	0	0	0	0	0	0	0	0	0	0	0	0	0	0	0	0	0	0	0	0	0	0	0	0	0	0	0	0	0	0	0	0	3
40	8	615	0	0	610	611	0	600	0	0	2	2	15	65	250000	1	32	0	0	0	0	0	0	0	0	0	0	0	0	0	0	0	0	0	0	0	0	0	0	0	0	0	0	0	0	0	0	0	0	0	0	0	0	0	0	0	0	0	0	0	0	0	0	0	0	0	0	0	0	0	0	0	0	0	0	0	0	0	0	0	80	70	65	85	0	6672	6672	4	4	0	255	0	255	1	1	0	6673	6673	4	4	0	255	0	255	1	1	0	6159	6159	0	255	0	255	0	255	1	1	0	0	0	0	0	0	0	0	0	0	0	0	0	0	0	0	0	0	0	0	0	0	0	0	0	0	0	0	0	0	0	0	0	0	0	0	0	0	0	0	0	0	0	0	0	0	0	0	0	0	0	0	0	0	0	0	3
41	8	615	0	0	610	611	0	600	0	0	2	2	15	65	400000	1	32	0	0	0	0	0	0	0	0	0	0	0	0	0	0	0	0	0	0	0	0	0	0	0	0	0	0	0	0	0	0	0	0	0	0	0	0	0	0	0	0	0	0	0	0	0	0	0	0	0	0	0	0	0	0	0	0	0	0	0	0	0	0	0	80	70	65	85	0	6672	6672	5	5	0	255	0	255	1	1	0	6673	6673	5	5	0	255	0	255	1	1	0	6159	6159	0	255	0	255	0	255	1	1	0	0	0	0	0	0	0	0	0	0	0	0	0	0	0	0	0	0	0	0	0	0	0	0	0	0	0	0	0	0	0	0	0	0	0	0	0	0	0	0	0	0	0	0	0	0	0	0	0	0	0	0	0	0	0	0	3
42	8	615	0	0	610	611	0	600	0	0	2	2	15	65	600000	1	32	0	0	0	0	0	0	0	0	0	0	0	0	0	0	0	0	0	0	0	0	0	0	0	0	0	0	0	0	0	0	0	0	0	0	0	0	0	0	0	0	0	0	0	0	0	0	0	0	0	0	0	0	0	0	0	0	0	0	0	0	0	0	0	80	70	65	85	0	6672	6672	6	6	0	255	0	255	1	1	0	6673	6673	6	6	0	255	0	255	1	1	0	6159	6159	0	255	0	255	0	255	1	1	0	0	0	0	0	0	0	0	0	0	0	0	0	0	0	0	0	0	0	0	0	0	0	0	0	0	0	0	0	0	0	0	0	0	0	0	0	0	0	0	0	0	0	0	0	0	0	0	0	0	0	0	0	0	0	0	3
43	8	615	0	0	610	611	0	600	0	0	2	2	15	65	850000	1	32	0	0	0	0	0	0	0	0	0	0	0	0	0	0	0	0	0	0	0	0	0	0	0	0	0	0	0	0	0	0	0	0	0	0	0	0	0	0	0	0	0	0	0	0	0	0	0	0	0	0	0	0	0	0	0	0	0	0	0	0	0	0	0	80	70	65	85	0	6672	6672	7	7	0	255	0	255	1	1	0	6673	6673	7	7	0	255	0	255	1	1	0	6159	6159	0	255	0	255	0	255	1	1	0	0	0	0	0	0	0	0	0	0	0	0	0	0	0	0	0	0	0	0	0	0	0	0	0	0	0	0	0	0	0	0	0	0	0	0	0	0	0	0	0	0	0	0	0	0	0	0	0	0	0	0	0	0	0	0	3
44	8	615	0	0	610	611	0	600	0	0	2	2	15	65	1050000	1	32	0	0	0	0	0	0	0	0	0	0	0	0	0	0	0	0	0	0	0	0	0	0	0	0	0	0	0	0	0	0	0	0	0	0	0	0	0	0	0	0	0	0	0	0	0	0	0	0	0	0	0	0	0	0	0	0	0	0	0	0	0	0	0	80	70	65	85	0	6672	6672	8	8	0	255	0	255	1	1	0	6673	6673	8	8	0	255	0	255	1	1	0	6159	6159	0	255	0	255	0	255	1	1	0	0	0	0	0	0	0	0	0	0	0	0	0	0	0	0	0	0	0	0	0	0	0	0	0	0	0	0	0	0	0	0	0	0	0	0	0	0	0	0	0	0	0	0	0	0	0	0	0	0	0	0	0	0	0	0	3
45	2	603	0	0	610	611	0	600	0	0	1	1	10	65	100000	1	32	0	0	0	0	0	0	0	0	0	0	0	0	0	0	0	0	0	0	0	0	0	0	0	0	0	0	0	0	0	0	0	0	0	0	0	0	0	0	0	0	0	0	0	0	0	0	0	0	0	0	0	0	0	0	0	0	0	0	0	0	0	0	0	60	70	65	85	0	7185	7185	0	0	0	255	0	255	1	1	0	7186	7186	0	0	0	255	0	255	1	1	0	6159	6159	0	255	0	255	0	255	1	1	0	0	0	0	0	0	0	0	0	0	0	0	0	0	0	0	0	0	0	0	0	0	0	0	0	0	0	0	0	0	0	0	0	0	0	0	0	0	0	0	0	0	0	0	0	0	0	0	0	0	0	0	0	0	0	0	3
46	2	603	0	0	610	611	0	600	0	0	1	1	10	65	100000	1	32	0	0	0	0	0	0	0	0	0	0	0	0	1049088	16781312	0	0	0	0	0	0	0	0	0	0	0	0	0	0	0	0	0	0	0	0	0	0	0	0	0	0	0	0	0	0	0	0	0	0	0	0	0	0	0	0	0	0	0	0	0	0	0	0	0	80	70	65	85	0	7185	7185	1	1	0	255	0	255	1	1	0	7186	7186	1	1	0	255	0	255	1	1	0	6159	6159	0	255	0	255	0	255	1	1	0	0	0	0	0	0	0	0	0	0	0	0	0	0	0	0	0	0	0	0	0	0	0	0	0	0	0	0	0	0	0	0	0	0	0	0	0	0	0	0	0	0	0	0	0	0	0	0	0	0	0	0	0	0	0	0	3
47	2	603	0	0	610	611	0	600	0	0	1	1	10	65	200000	1	32	0	0	0	0	0	0	0	0	0	0	0	0	0	0	0	0	0	0	0	0	0	0	0	0	0	0	0	0	0	0	0	0	0	0	0	0	0	0	0	0	0	0	0	0	0	0	0	0	0	0	0	0	0	0	0	0	0	0	0	0	0	0	0	80	70	65	85	0	7185	7185	2	2	0	255	0	255	1	1	0	7186	7186	2	2	0	255	0	255	1	1	0	6159	6159	0	255	0	255	0	255	1	1	0	0	0	0	0	0	0	0	0	0	0	0	0	0	0	0	0	0	0	0	0	0	0	0	0	0	0	0	0	0	0	0	0	0	0	0	0	0	0	0	0	0	0	0	0	0	0	0	0	0	0	0	0	0	0	0	3
48	2	603	0	0	610	611	0	600	0	0	1	1	10	65	400000	1	32	0	0	0	0	0	0	0	0	0	0	0	0	0	0	0	0	0	0	0	0	0	0	0	0	0	0	0	0	0	0	0	0	0	0	0	0	0	0	0	0	0	0	0	0	0	0	0	0	0	0	0	0	0	0	0	0	0	0	0	0	0	0	0	80	70	65	85	0	7185	7185	3	3	0	255	0	255	1	1	0	7186	7186	3	3	0	255	0	255	1	1	0	6159	6159	0	255	0	255	0	255	1	1	0	0	0	0	0	0	0	0	0	0	0	0	0	0	0	0	0	0	0	0	0	0	0	0	0	0	0	0	0	0	0	0	0	0	0	0	0	0	0	0	0	0	0	0	0	0	0	0	0	0	0	0	0	0	0	0	3
49	2	603	0	0	610	611	0	600	0	0	1	1	10	65	700000	1	32	0	0	0	0	0	0	0	0	0	0	0	0	0	0	0	0	0	0	0	0	0	0	0	0	0	0	0	0	0	0	0	0	0	0	0	0	0	0	0	0	0	0	0	0	0	0	0	0	0	0	0	0	0	0	0	0	0	0	0	0	0	0	0	80	70	65	85	0	7185	7185	4	4	0	255	0	255	1	1	0	7186	7186	4	4	0	255	0	255	1	1	0	6159	6159	0	255	0	255	0	255	1	1	0	0	0	0	0	0	0	0	0	0	0	0	0	0	0	0	0	0	0	0	0	0	0	0	0	0	0	0	0	0	0	0	0	0	0	0	0	0	0	0	0	0	0	0	0	0	0	0	0	0	0	0	0	0	0	0	3
50	2	603	0	0	610	611	0	600	0	0	1	1	10	65	1100000	1	32	0	0	0	0	0	0	0	0	0	0	0	0	0	0	0	0	0	0	0	0	0	0	0	0	0	0	0	0	0	0	0	0	0	0	0	0	0	0	0	0	0	0	0	0	0	0	0	0	0	0	0	0	0	0	0	0	0	0	0	0	0	0	0	70	70	65	85	0	7185	7185	5	5	0	255	0	255	1	1	0	7186	7186	5	5	0	255	0	255	1	1	0	6159	6159	0	255	0	255	0	255	1	1	0	0	0	0	0	0	0	0	0	0	0	0	0	0	0	0	0	0	0	0	0	0	0	0	0	0	0	0	0	0	0	0	0	0	0	0	0	0	0	0	0	0	0	0	0	0	0	0	0	0	0	0	0	0	0	0	3
51	2	603	0	0	610	611	0	600	0	0	1	1	10	65	1600000	1	32	0	0	0	0	0	0	0	0	0	0	0	0	0	0	0	0	0	0	0	0	0	0	0	0	0	0	0	0	0	0	0	0	0	0	0	0	0	0	0	0	0	0	0	0	0	0	0	0	0	0	0	0	0	0	0	0	0	0	0	0	0	0	0	70	70	65	85	0	7185	7185	6	6	0	255	0	255	1	1	0	7186	7186	6	6	0	255	0	255	1	1	0	6159	6159	0	255	0	255	0	255	1	1	0	0	0	0	0	0	0	0	0	0	0	0	0	0	0	0	0	0	0	0	0	0	0	0	0	0	0	0	0	0	0	0	0	0	0	0	0	0	0	0	0	0	0	0	0	0	0	0	0	0	0	0	0	0	0	0	3
52	2	603	0	0	610	611	0	600	0	0	1	1	10	65	2000000	1	32	0	0	0	0	0	0	0	0	0	0	0	0	0	0	0	0	0	0	0	0	0	0	0	0	0	0	0	0	0	0	0	0	0	0	0	0	0	0	0	0	1966592	16781312	0	0	0	0	0	0	0	0	0	0	0	0	0	0	0	0	0	0	0	0	0	70	70	65	85	0	7185	7185	7	7	0	255	0	255	1	1	0	7186	7186	7	7	0	255	0	255	1	1	0	6159	6159	0	255	0	255	0	255	1	1	0	0	0	0	0	0	0	0	0	0	0	0	0	0	0	0	0	0	0	0	0	0	0	0	0	0	0	0	0	0	0	0	0	0	0	0	0	0	0	0	0	0	0	0	0	0	0	0	0	0	0	0	0	0	0	0	3
53	24	1172	0	0	610	611	0	0	0	0	3	3	10	65	5000000	13	7	0	5	0	34	0	4	0	0	1249125376	6	0	1	0	7	0	5	0	35	0	4	0	0	1193033728	6	0	0	0	0	0	0	0	0	0	0	0	0	0	0	0	0	0	0	0	0	0	0	0	0	0	0	0	0	0	0	0	0	0	0	0	0	0	0	0	90	65	65	85	0	6144	6146	0	255	0	255	0	255	1	1	0	6670	6670	1	1	0	255	0	255	1	1	0	6159	6159	0	255	0	255	0	255	1	1	0	0	6143	4	255	0	255	0	255	0	255	1	0	0	0	0	0	0	0	0	0	0	0	0	0	0	0	0	0	0	0	0	0	0	0	0	0	0	0	0	0	0	0	0	0	0	0	0	0	0	0	0	0	0	0	0	4
54	24	1172	0	0	610	611	0	0	0	0	3	3	10	65	5000000	13	7	0	5	0	34	0	4	0	0	1249125376	6	0	1	0	7	0	5	0	35	0	4	0	0	1193033728	6	0	0	0	0	0	0	0	0	0	0	0	0	0	0	0	0	0	0	0	0	0	0	0	0	0	0	0	0	0	0	0	0	0	0	0	0	0	0	0	90	65	65	85	0	6185	6185	0	255	0	255	0	255	1	1	0	6670	6670	1	1	0	255	0	255	1	1	0	6159	6159	0	255	0	255	0	255	1	1	0	0	6143	4	255	0	255	0	255	0	255	1	0	0	0	0	0	0	0	0	0	0	0	0	0	0	0	0	0	0	0	0	0	0	0	0	0	0	0	0	0	0	0	0	0	0	0	0	0	0	0	0	0	0	0	0	4
55	25	1921	1412	0	610	611	0	0	0	0	1	1	10	65	0	1	32	0	0	0	0	0	0	0	0	0	0	0	0	0	0	0	0	0	0	0	0	0	0	0	0	0	0	0	0	0	0	0	0	0	0	0	0	0	0	0	0	0	0	0	0	0	0	0	0	0	0	0	0	0	0	0	0	0	0	0	0	0	0	0	70	65	65	85	0	6688	6688	0	255	0	255	0	20	1	1	0	6689	6689	0	255	0	255	0	20	1	1	0	6159	6159	0	255	0	255	0	255	1	1	0	0	0	0	0	0	0	0	0	0	0	0	0	0	0	0	0	0	0	0	0	0	0	0	0	0	0	0	0	0	0	0	0	0	0	0	0	0	0	0	0	0	0	0	0	0	0	0	0	0	0	0	0	0	0	0	3
56	26	1922	1412	0	610	611	0	0	0	0	2	2	10	65	0	1	32	0	0	0	0	0	0	0	0	0	0	0	0	0	0	0	0	0	0	0	0	0	0	0	0	0	0	0	0	0	0	0	0	0	0	0	0	0	0	0	0	0	0	0	0	0	0	0	0	0	0	0	0	0	0	0	0	0	0	0	0	0	0	0	50	65	65	85	0	6690	6690	0	255	0	255	0	10	1	1	0	6691	6691	0	255	0	255	0	255	5	5	0	6159	6159	0	255	0	255	0	255	1	1	0	0	0	0	0	0	0	0	0	0	0	0	0	0	0	0	0	0	0	0	0	0	0	0	0	0	0	0	0	0	0	0	0	0	0	0	0	0	0	0	0	0	0	0	0	0	0	0	0	0	0	0	0	0	0	0	3
57	27	1923	1412	0	610	611	0	0	0	0	2	2	10	65	10000000	1	32	0	0	0	0	0	0	0	0	0	0	0	0	0	0	0	0	0	0	0	0	0	0	0	0	0	0	0	0	0	0	0	0	0	0	0	0	0	0	0	0	0	0	0	0	0	0	0	0	0	0	0	0	0	0	0	0	0	0	0	0	0	0	0	30	65	65	85	0	6692	6692	0	255	0	255	0	255	1	1	0	7184	7184	0	255	0	255	0	255	3	3	0	6159	6159	0	255	0	255	0	255	1	1	0	0	0	0	0	0	0	0	0	0	0	0	0	0	0	0	0	0	0	0	0	0	0	0	0	0	0	0	0	0	0	0	0	0	0	0	0	0	0	0	0	0	0	0	0	0	0	0	0	0	0	0	0	0	0	0	3
58	28	1923	1863	1412	610	611	0	0	0	0	2	2	10	65	10000000	7	5	0	36	0	3	0	0	1120403456	6	0	4	0	0	1245125376	0	0	0	0	0	0	0	0	0	0	0	0	0	0	0	0	0	0	0	0	0	0	0	0	0	0	0	0	0	0	0	0	0	0	0	0	0	0	0	0	0	0	0	0	0	0	0	0	0	0	79	68	65	85	0	6693	6693	0	255	0	255	0	255	1	1	0	7184	7184	0	255	0	255	0	255	5	5	0	6159	6159	0	255	0	255	0	255	1	1	0	0	3071	4	255	4	255	0	255	1	255	0	0	0	0	0	0	0	0	0	0	0	0	0	0	0	0	0	0	0	0	0	0	0	0	0	0	0	0	0	0	0	0	0	0	0	0	0	0	0	0	0	0	0	0	0	4
59	28	1923	1864	1412	610	611	0	0	0	0	2	2	10	65	10000000	7	5	0	36	0	3	0	0	1120403456	6	0	4	0	0	1245125376	0	0	0	0	0	0	0	0	0	0	0	0	0	0	0	0	0	0	0	0	0	0	0	0	0	0	0	0	0	0	0	0	0	0	0	0	0	0	0	0	0	0	0	0	0	0	0	0	0	0	79	68	65	85	0	6693	6693	0	255	0	255	0	255	1	1	0	7184	7184	0	255	0	255	0	255	5	5	0	6159	6159	0	255	0	255	0	255	1	1	0	3072	6143	4	255	4	255	0	255	1	255	0	0	0	0	0	0	0	0	0	0	0	0	0	0	0	0	0	0	0	0	0	0	0	0	0	0	0	0	0	0	0	0	0	0	0	0	0	0	0	0	0	0	0	0	0	4
60	30	2038	1412	0	610	611	0	0	0	0	1	1	10	65	100000	1	32	0	0	0	0	0	0	0	0	0	0	0	0	0	0	0	0	0	0	0	0	0	0	0	0	0	0	0	0	0	0	0	0	0	0	0	0	0	0	0	0	0	0	0	0	0	0	0	0	0	0	0	0	0	0	0	0	0	0	0	0	0	0	0	50	65	65	85	0	7171	7171	0	255	0	255	0	255	3	3	0	0	0	0	0	0	0	0	0	0	0	0	0	0	0	0	0	0	0	0	0	0	0	0	0	0	0	0	0	0	0	0	0	0	0	0	0	0	0	0	0	0	0	0	0	0	0	0	0	0	0	0	0	0	0	0	0	0	0	0	0	0	0	0	0	0	0	0	0	0	0	0	0	0	0	0	0	0	1
61	31	2038	1412	0	610	611	0	0	0	0	1	1	10	65	500000	1	32	0	0	0	0	0	0	0	0	0	0	0	0	0	0	0	0	0	0	0	0	0	0	0	0	0	0	0	0	0	0	0	0	0	0	0	0	0	0	0	0	0	0	0	0	0	0	0	0	0	0	0	0	0	0	0	0	0	0	0	0	0	0	0	30	65	65	85	0	7206	7206	0	255	0	255	0	255	3	3	0	0	0	0	0	0	0	0	0	0	0	0	0	0	0	0	0	0	0	0	0	0	0	0	0	0	0	0	0	0	0	0	0	0	0	0	0	0	0	0	0	0	0	0	0	0	0	0	0	0	0	0	0	0	0	0	0	0	0	0	0	0	0	0	0	0	0	0	0	0	0	0	0	0	0	0	0	0	1
62	32	2038	1412	0	610	611	0	0	0	0	1	1	10	65	1000000	1	32	0	0	0	0	0	0	0	0	0	0	0	0	0	0	0	0	0	0	0	0	0	0	0	0	0	0	0	0	0	0	0	0	0	0	0	0	0	0	0	0	0	0	0	0	0	0	0	0	0	0	0	0	0	0	0	0	0	0	0	0	0	0	0	30	65	65	85	0	7207	7207	0	255	0	255	0	255	3	3	0	0	0	0	0	0	0	0	0	0	0	0	0	0	0	0	0	0	0	0	0	0	0	0	0	0	0	0	0	0	0	0	0	0	0	0	0	0	0	0	0	0	0	0	0	0	0	0	0	0	0	0	0	0	0	0	0	0	0	0	0	0	0	0	0	0	0	0	0	0	0	0	0	0	0	0	0	0	1
63	15	1413	1412	0	0	0	0	0	0	0	1	1	10	67	100000	1	32	0	0	0	0	0	0	0	0	0	0	0	0	0	0	0	0	0	0	0	0	0	0	0	0	0	0	0	0	0	0	0	0	0	0	0	0	0	0	0	0	0	0	0	0	0	0	0	0	0	0	0	0	0	0	0	0	0	0	0	0	0	0	0	100	65	85	85	0	7181	7181	0	255	0	255	0	255	1	25	0	0	0	0	0	0	0	0	0	0	0	0	0	0	0	0	0	0	0	0	0	0	0	0	0	0	0	0	0	0	0	0	0	0	0	0	0	0	0	0	0	0	0	0	0	0	0	0	0	0	0	0	0	0	0	0	0	0	0	0	0	0	0	0	0	0	0	0	0	0	0	0	0	0	0	0	0	0	1
64	16	1414	1412	0	0	0	0	0	0	0	1	1	10	67	50000	1	32	0	0	0	0	0	0	0	0	0	0	0	0	0	0	0	0	0	0	0	0	0	0	0	0	0	0	0	0	0	0	0	0	0	0	0	0	0	0	0	0	0	0	0	0	0	0	0	0	0	0	0	0	0	0	0	0	0	0	0	0	0	0	0	100	65	85	85	0	7182	7182	0	255	0	255	0	255	1	25	0	0	0	0	0	0	0	0	0	0	0	0	0	0	0	0	0	0	0	0	0	0	0	0	0	3801600	16781312	0	0	0	0	0	0	0	0	0	0	0	0	0	0	0	0	0	0	0	0	0	0	0	0	0	0	0	0	0	0	0	0	0	0	0	0	0	0	0	0	0	0	0	0	0	0	0	0	0	0	0	1
65	17	1415	1412	0	0	0	0	0	0	0	1	1	10	65	5000000	1	32	0	0	0	0	0	0	0	0	0	0	0	0	0	0	0	0	0	0	0	0	0	0	0	0	0	0	0	0	0	0	0	0	0	0	0	0	0	0	0	0	0	0	0	0	0	0	0	0	0	0	0	0	0	0	0	0	0	0	0	0	0	0	0	100	65	85	85	0	7181	7181	0	255	0	255	0	255	5	5	0	7182	7182	0	255	0	255	0	255	5	5	0	7199	7199	0	255	0	255	0	255	1	1	0	6159	6159	0	255	0	255	0	255	1	1	0	0	0	0	0	0	0	0	0	0	0	0	0	0	0	0	0	0	0	0	0	0	0	0	0	0	0	0	0	0	0	0	0	0	0	0	0	0	0	0	0	0	0	0	0	4
66	37	2396	1412	0	610	611	0	600	0	0	2	2	10	65	3000000	1	32	0	0	0	0	0	0	0	0	0	0	0	0	0	0	0	0	0	0	0	0	0	0	0	0	0	0	0	0	0	0	0	0	0	0	0	0	0	0	0	0	0	0	0	0	0	0	0	0	0	0	0	0	0	0	0	0	0	0	0	0	0	0	0	70	70	65	85	0	6705	6705	1	1	0	255	0	255	1	1	0	6706	6706	1	1	0	255	0	255	1	1	0	6159	6159	0	255	0	255	0	255	1	1	0	0	0	0	0	0	0	0	0	0	0	0	0	0	0	0	0	0	0	0	0	0	0	0	0	0	0	0	0	0	0	0	0	0	0	0	0	0	0	0	0	0	0	0	0	0	0	0	0	0	0	0	0	0	0	0	3
67	37	2396	1412	0	610	611	0	600	0	0	2	2	10	65	5000000	1	32	0	0	0	0	0	0	0	0	0	0	0	0	0	0	0	0	0	0	0	0	0	0	0	0	0	0	0	0	0	0	0	0	0	0	0	0	0	0	0	0	0	0	0	0	0	0	0	0	0	0	0	0	0	0	0	0	0	0	0	0	0	0	0	70	70	65	85	0	6705	6705	2	2	0	255	0	255	1	1	0	6706	6706	2	2	0	255	0	255	1	1	0	6159	6159	0	255	0	255	0	255	1	1	0	0	0	0	0	0	0	0	0	0	0	0	0	0	0	0	0	0	0	0	0	0	0	0	0	0	0	0	0	0	0	0	0	0	0	0	0	0	0	0	0	0	0	0	0	0	0	0	0	0	0	0	0	0	0	0	3
68	37	2396	1412	0	610	611	0	600	0	0	2	2	10	65	7000000	1	32	0	0	0	0	0	0	0	0	0	0	0	0	0	0	0	0	0	0	0	0	0	0	0	0	0	0	0	0	0	0	0	0	0	0	0	0	0	0	0	0	0	0	0	0	0	0	0	0	0	0	0	0	0	0	0	0	0	0	0	0	0	0	0	70	70	65	85	0	6705	6705	3	3	0	255	0	255	1	1	0	6706	6706	3	3	0	255	0	255	1	1	0	6159	6159	0	255	0	255	0	255	1	1	0	0	0	0	0	0	0	0	0	0	0	0	0	0	0	0	0	0	0	0	0	0	0	0	0	0	0	0	0	0	0	0	0	0	0	0	0	0	0	0	0	0	0	0	0	0	0	0	0	0	0	0	0	0	0	0	3
69	37	2396	1412	0	610	611	0	600	0	0	2	2	10	65	9000000	1	32	0	0	0	0	0	0	0	0	0	0	0	0	0	0	0	0	0	0	0	0	0	0	0	0	0	0	0	0	0	0	0	0	0	0	0	0	0	0	0	0	0	0	0	0	0	0	0	0	0	0	0	0	0	0	0	0	0	0	0	0	0	0	0	70	70	65	85	0	6705	6705	4	4	0	255	0	255	1	1	0	6706	6706	4	4	0	255	0	255	1	1	0	6159	6159	0	255	0	255	0	255	1	1	0	0	0	0	0	0	0	0	0	0	0	0	0	0	0	0	0	0	0	0	0	0	0	0	0	0	0	0	0	0	0	0	0	0	0	0	0	0	0	0	0	0	0	0	0	0	0	0	0	0	0	0	0	0	0	0	3
70	37	2396	1412	0	610	611	0	600	0	0	2	2	10	65	11000000	1	32	0	0	0	0	0	0	0	0	0	0	0	0	0	0	0	0	0	0	0	0	0	0	0	0	0	0	0	0	0	0	0	0	0	0	0	0	0	0	0	0	0	0	0	0	0	0	0	0	0	0	0	0	0	0	0	0	0	0	0	0	0	0	0	70	70	65	85	0	6705	6705	5	5	0	255	0	255	1	1	0	6706	6706	5	5	0	255	0	255	1	1	0	6159	6159	0	255	0	255	0	255	1	1	0	0	0	0	0	0	0	0	0	0	0	0	0	0	0	0	0	0	0	0	0	0	0	0	0	0	0	0	0	0	0	0	0	4719104	4096	256	0	0	0	0	0	0	0	0	0	0	0	0	0	0	0	0	0	0	0	0	3
71	37	2396	1412	0	610	611	0	600	0	0	2	2	10	65	13000000	1	32	0	0	0	0	0	0	0	0	0	0	0	0	0	0	0	0	0	0	0	0	0	0	0	0	0	0	0	0	0	0	0	0	0	0	0	0	0	0	0	0	0	0	0	0	0	0	0	0	0	0	0	0	0	0	0	0	0	0	0	0	0	0	0	70	70	65	85	0	6705	6705	6	6	0	255	0	255	1	1	0	6706	6706	6	6	0	255	0	255	1	1	0	6159	6159	0	255	0	255	0	255	1	1	0	0	0	0	0	0	0	0	0	0	0	0	0	0	0	0	0	0	0	0	0	0	0	0	0	0	0	0	0	0	0	0	0	0	0	0	0	0	0	0	0	0	0	0	0	0	0	0	0	0	0	0	0	0	0	0	3
72	38	1666	1412	0	610	611	0	0	0	0	2	1	10	66	200000	5	37	0	4	0	0	1217559552	1	0	0	1065353216	0	0	0	0	0	0	0	0	0	0	0	0	0	0	0	0	0	0	0	0	0	0	0	0	0	0	0	0	0	0	0	0	0	0	0	0	0	0	0	0	0	0	0	0	0	0	0	0	0	0	0	0	0	0	60	65	65	85	0	6147	6150	9	255	4	255	0	255	1	1	0	6159	6159	0	255	0	255	0	255	1	1	0	6175	6175	0	0	0	255	0	255	1	1	0	7190	7190	0	255	0	255	0	255	1	1	0	0	6143	7	255	4	255	0	255	1	255	4	0	0	0	0	0	0	0	0	0	0	0	0	0	0	0	0	0	0	0	0	0	0	0	0	0	0	0	0	0	0	0	0	0	5
73	38	1666	1412	0	610	611	0	0	0	0	2	1	10	66	200000	5	37	0	4	0	0	1217559552	1	0	0	1065353216	0	0	0	0	0	0	0	0	0	0	0	0	0	0	0	0	0	0	0	0	0	0	0	0	0	0	0	0	0	0	0	0	0	0	0	0	0	0	0	0	0	0	0	0	0	0	0	0	0	0	0	0	0	0	60	65	65	85	0	6686	6686	9	255	4	255	0	255	1	1	0	6159	6159	0	255	0	255	0	255	1	1	0	6175	6175	0	0	0	255	0	255	1	1	0	7190	7190	0	255	0	255	0	255	1	1	0	0	6143	7	255	4	255	0	255	1	255	4	0	0	0	0	0	0	0	0	0	0	0	0	0	0	0	0	0	0	0	0	0	0	0	0	0	0	0	0	0	0	0	0	0	5
74	38	1666	1412	0	610	611	0	0	0	0	2	1	10	66	200000	5	37	0	4	0	0	1217559552	1	0	0	1065353216	0	0	0	0	0	0	0	0	0	0	0	0	0	0	0	0	0	0	0	0	0	0	0	0	0	0	0	0	0	0	0	0	0	0	0	0	0	0	0	0	0	0	0	0	0	0	0	0	0	0	0	0	0	0	60	65	65	85	0	6186	6186	9	255	4	255	0	255	1	1	0	6159	6159	0	255	0	255	0	255	1	1	0	6175	6175	0	0	0	255	0	255	1	1	0	7190	7190	0	255	0	255	0	255	1	1	0	0	6143	7	255	4	255	0	255	1	255	4	0	0	0	0	0	0	0	0	0	0	0	0	0	0	0	0	0	0	0	0	0	0	0	0	0	0	0	0	0	0	0	0	0	5
75	38	1666	1412	0	610	611	0	0	0	0	2	1	10	66	200000	5	37	0	4	0	0	1217559552	1	0	0	1065353216	0	0	0	0	0	0	0	0	0	0	0	0	0	0	0	0	0	0	0	0	0	0	0	0	0	0	0	0	0	0	0	0	0	0	0	0	0	0	0	0	0	0	0	0	0	0	0	0	0	0	0	0	0	0	60	65	65	85	0	6193	6193	9	255	4	255	0	255	1	1	0	6159	6159	0	255	0	255	0	255	1	1	0	6175	6175	0	0	0	255	0	255	1	1	0	7190	7190	0	255	0	255	0	255	1	1	0	0	6143	7	255	4	255	0	255	1	255	4	0	0	0	0	0	0	0	0	0	0	0	0	0	0	0	0	0	0	0	0	0	0	0	0	0	0	0	0	0	0	0	0	0	5
76	39	1667	1412	0	610	611	0	0	0	0	5	4	10	66	200000	5	35	0	4	0	0	1245125376	1	0	0	1065353216	0	0	0	0	0	0	0	0	0	0	0	0	0	0	0	0	0	0	0	0	0	0	0	0	0	0	0	0	0	0	0	0	0	0	0	0	0	0	0	0	0	0	0	0	0	0	0	0	0	0	0	0	0	0	40	65	65	85	0	6709	6709	0	255	0	255	0	255	1	1	0	6708	6708	0	255	0	255	0	255	1	1	0	6159	6159	0	255	0	255	0	255	1	1	0	6174	6174	0	0	0	255	0	255	1	1	0	6175	6175	0	0	0	255	0	255	1	1	0	7190	7190	0	255	0	255	0	255	1	1	0	0	6143	9	15	4	255	0	255	1	255	1	0	0	0	0	0	0	0	0	0	0	0	7
77	46	2791	0	0	0	0	0	0	0	0	1	1	10	65	1000000	1	32	0	0	0	0	0	0	0	0	0	0	0	0	0	0	0	0	0	0	0	0	0	0	0	0	0	0	0	0	0	0	0	0	0	0	0	0	0	0	0	0	0	0	0	0	0	0	0	0	0	0	0	0	0	0	0	0	0	0	0	0	0	0	0	100	65	85	85	0	7271	7271	0	255	0	255	0	255	1	1	0	7272	7272	0	255	0	255	0	255	1	1	0	7273	7273	0	255	0	255	0	255	1	1	0	7274	7274	0	255	0	255	0	255	1	1	0	7275	7275	0	255	0	255	0	255	1	1	0	7276	7276	0	255	0	255	0	255	1	1	0	0	0	0	0	0	0	0	0	0	0	0	0	0	0	0	0	0	0	0	0	0	0	6
78	47	2881	0	0	0	0	0	0	0	0	2	2	1	65	0	1	32	0	0	0	0	0	0	0	0	0	0	0	0	0	0	0	0	0	0	0	0	0	0	0	0	0	0	0	0	0	0	0	0	0	0	0	0	0	0	0	0	0	0	0	0	0	0	0	0	0	0	0	0	0	0	0	0	0	0	0	0	0	0	0	100	65	85	85	0	7281	7281	0	255	0	255	0	255	1	1	0	7289	7289	0	255	0	255	0	255	1	1	0	0	0	0	0	0	0	0	0	0	0	0	0	0	0	0	0	0	0	0	0	0	0	0	0	0	0	0	0	0	0	0	0	0	0	0	0	0	0	0	0	0	0	0	0	0	0	0	0	0	0	0	0	0	0	0	0	0	0	0	0	0	0	0	0	0	0	2
79	47	2882	0	0	0	0	0	0	0	0	2	2	1	65	0	1	32	0	0	0	0	0	0	0	0	0	0	0	0	0	0	0	0	0	0	0	0	0	0	0	0	0	0	0	0	0	0	0	0	0	0	0	0	0	0	0	0	0	0	0	0	0	0	0	0	0	0	0	0	0	0	0	0	0	0	0	0	0	0	0	100	65	85	85	0	7280	7280	0	255	0	255	0	255	1	1	0	7290	7290	0	255	0	255	0	255	1	1	0	0	0	0	0	0	0	0	0	0	0	0	0	0	0	0	0	0	0	0	0	0	0	0	0	0	0	0	0	0	0	0	0	0	0	0	0	0	0	0	0	0	0	0	0	0	0	0	0	0	0	0	0	0	0	0	0	0	0	0	0	0	0	0	0	0	0	2
80	100	2120	0	0	610	611	0	0	0	0	3	3	1	65	5000000	1	32	0	4	0	0	1217559552	1	0	0	1106247680	1	1084227584	0	0	0	0	0	0	0	0	0	0	0	0	0	0	0	0	0	0	0	0	0	0	0	0	0	0	0	0	0	0	0	0	0	0	0	0	0	0	0	0	0	0	0	0	0	0	0	0	0	0	0	0	60	60	60	60	0	6444	6444	7	255	4	255	0	255	1	1	0	7190	7190	0	255	0	255	0	255	1	1	0	7344	7344	0	255	0	255	0	255	1	1	0	6159	6159	0	255	0	255	0	255	1	1	0	0	0	0	0	0	0	0	0	0	0	0	0	0	0	0	0	0	0	0	0	0	0	0	0	0	0	0	0	0	0	0	0	0	0	0	0	0	0	0	0	0	0	0	0	4
81	50	3087	0	0	606	607	608	0	0	0	5	4	10	65	12000000	3	0	1109393408	1	0	64	0	0	0	0	0	0	0	0	0	0	0	0	0	0	0	0	0	0	0	0	0	0	0	0	0	0	0	0	0	0	0	0	0	0	0	0	0	0	0	0	0	0	0	0	0	0	0	0	0	0	0	0	0	0	0	0	0	0	0	65	69	65	65	0	6324	6325	14	14	0	255	0	255	1	1	4	6159	6159	0	255	0	255	0	255	1	1	0	7181	7181	0	255	0	255	0	255	6	6	0	7182	7182	0	255	0	255	0	255	6	6	0	0	0	0	0	0	0	0	0	0	0	0	0	0	0	0	0	0	0	0	0	0	0	0	0	0	0	0	0	0	0	0	0	0	0	0	0	0	0	0	0	0	0	0	0	4
82	66	2467	0	0	610	611	0	0	0	0	4	4	10	66	200000	1	32	0	4	0	0	1245125376	1	0	0	1065353216	0	0	0	0	0	0	0	0	0	0	0	0	0	0	0	0	0	0	0	0	0	0	0	0	0	0	0	0	0	0	0	0	0	0	0	0	0	0	0	0	0	0	0	0	0	0	0	0	0	0	0	0	0	0	100	65	100	100	0	19	19	11	255	4	255	0	255	1	1	1	7380	7380	0	255	0	255	0	255	1	1	0	6159	6159	0	255	0	255	0	255	1	1	0	6174	6174	2	2	0	255	0	255	1	1	0	6175	6175	2	2	0	255	0	255	1	1	0	6280	6280	2	2	0	255	0	255	1	1	0	7190	7190	0	255	0	255	0	255	1	1	0	0	0	0	0	0	0	0	0	0	0	0	7
83	53	3150	0	0	610	611	0	0	0	0	5	4	10	65	50000000	1	32	0	0	0	0	0	0	0	0	0	0	0	0	0	0	0	0	0	0	0	0	0	0	0	0	0	0	0	0	0	0	0	0	0	0	0	0	0	0	0	0	0	0	0	0	0	0	0	0	0	0	0	0	0	0	0	0	0	0	0	0	0	0	0	40	40	40	40	0	6159	6159	0	255	0	255	0	255	1	1	0	7190	7190	0	255	0	255	0	255	1	1	0	6174	6174	0	255	0	255	0	255	1	1	0	6175	6175	0	255	0	255	0	255	1	1	0	6708	6708	0	255	0	255	0	255	1	1	0	0	6143	9	255	4	255	0	255	1	1	1	6324	6394	9	14	0	255	0	255	1	1	0	0	6143	9	2550	4	255	0	255	1	1	4	8
84	0	0	0	0	0	0	0	0	0	0	0	0	0	0	0	0	0	0	0	0	0	0	0	0	0	0	0	0	0	0	0	0	0	0	0	0	0	0	0	0	0	0	0	0	0	0	0	0	0	0	0	0	0	0	0	0	0	0	0	0	0	0	0	0	0	0	0	0	0	0	0	0	0	0	0	0	0	0	0	0	0	0	0	0	0	0	0	0	0	0	0	0	0	0	0	0	0	0	0	0	0	0	0	0	0	0	0	0	0	0	0	0	0	0	0	0	0	0	0	0	0	0	0	0	0	0	0	0	0	0	0	0	0	0	0	0	0	0	0	0	0	0	0	0	0	0	0	0	0	0	0	0	0	0	0	0	0	0	0	0	0	0	0	0	0	0	0	0	0	0	0	0	0	0
85	0	0	0	0	0	0	0	0	0	0	0	0	0	0	0	0	0	0	0	0	0	0	0	0	0	0	0	0	0	0	0	0	0	0	0	0	0	0	0	0	0	0	0	0	0	0	0	0	0	0	0	0	0	0	0	0	0	0	0	0	0	0	0	0	0	0	0	0	0	0	0	0	0	0	0	0	0	0	0	0	0	0	0	0	0	0	0	0	0	0	0	0	0	0	0	0	0	0	0	0	0	0	0	0	0	0	0	0	0	0	0	0	0	0	0	0	0	0	0	0	0	0	0	0	0	0	0	0	0	0	0	0	0	0	0	0	0	0	0	0	0	0	0	0	0	0	0	0	0	0	0	0	0	0	0	0	0	0	0	0	0	0	0	0	0	0	0	0	0	0	0	0	0	0
86	66	2467	0	0	610	611	0	0	0	0	4	4	10	66	200000	1	32	0	4	0	0	1245125376	1	0	0	1065353216	0	0	0	0	0	0	0	0	0	0	0	0	0	0	0	0	0	0	0	0	0	0	0	0	0	0	0	0	0	0	0	0	0	0	0	0	0	0	0	0	0	0	0	0	0	0	0	0	0	0	0	0	0	0	100	65	100	100	0	1037	1037	11	255	4	255	0	255	1	1	1	7380	7380	0	255	0	255	0	255	1	1	0	6159	6159	0	255	0	255	0	255	1	1	0	6174	6174	2	2	0	255	0	255	1	1	0	6175	6175	2	2	0	255	0	255	1	1	0	6280	6280	2	2	0	255	0	255	1	1	0	7190	7190	0	255	0	255	0	255	1	1	0	0	0	0	0	0	0	0	0	0	0	0	7
87	66	2467	0	0	610	611	0	0	0	0	4	4	10	66	200000	1	32	0	4	0	0	1245125376	1	0	0	1065353216	0	0	0	0	0	0	0	0	0	0	0	0	0	0	0	0	0	0	0	0	0	0	0	0	0	0	0	0	0	0	0	0	0	0	0	0	0	0	0	0	0	0	0	0	0	0	0	0	0	0	0	0	0	0	100	65	100	100	0	2066	2066	11	255	4	255	0	255	1	1	1	7380	7380	0	255	0	255	0	255	1	1	0	6159	6159	0	255	0	255	0	255	1	1	0	6174	6174	2	2	0	255	0	255	1	1	0	6175	6175	2	2	0	255	0	255	1	1	0	6280	6280	2	2	0	255	0	255	1	1	0	7190	7190	0	255	0	255	0	255	1	1	0	0	0	0	0	0	0	0	0	0	0	0	7
88	66	2467	0	0	610	611	0	0	0	0	4	4	10	66	200000	1	32	0	4	0	0	1245125376	1	0	0	1065353216	0	0	0	0	0	0	0	0	0	0	0	0	0	0	0	0	0	0	0	0	0	0	0	0	0	0	0	0	0	0	0	0	0	0	0	0	0	0	0	0	0	0	0	0	0	0	0	0	0	0	0	0	0	0	100	65	100	100	0	2570	2570	11	255	4	255	0	255	1	1	1	7380	7380	0	255	0	255	0	255	1	1	0	6159	6159	0	255	0	255	0	255	1	1	0	6174	6174	2	2	0	255	0	255	1	1	0	6175	6175	2	2	0	255	0	255	1	1	0	6280	6280	2	2	0	255	0	255	1	1	0	7190	7190	0	255	0	255	0	255	1	1	0	0	0	0	0	0	0	0	0	0	0	0	7
89	65	2468	0	0	610	611	0	0	0	0	2	2	10	66	200000	1	32	0	0	0	0	0	0	0	0	0	0	0	0	0	0	0	0	0	0	0	0	0	0	0	0	0	0	0	0	0	0	0	0	0	0	0	0	0	0	0	0	0	0	0	0	0	0	0	0	0	0	0	0	0	0	0	0	0	0	0	0	0	0	0	100	65	100	100	0	7379	7379	0	255	0	255	0	255	10	10	0	6159	6159	0	255	0	255	0	255	1	1	0	7190	7190	0	255	0	255	0	255	1	1	0	7199	7199	0	255	0	255	0	255	1	1	0	6175	6175	0	0	0	255	0	255	1	1	0	6174	6174	0	0	0	255	0	255	1	1	0	0	0	0	0	0	0	0	0	0	0	0	0	0	0	0	0	0	0	0	0	0	0	6
90	65	2468	0	0	610	611	0	0	0	0	2	2	10	32	20000	0	32	0	0	0	0	0	0	0	0	0	0	0	0	0	0	0	0	0	0	0	0	0	0	0	0	0	0	0	0	0	0	0	0	0	0	0	0	0	0	0	0	0	0	0	0	0	0	0	0	0	0	0	0	0	0	0	0	0	0	0	0	0	0	0	100	65	100	100	0	7379	7379	0	255	0	255	0	255	10	10	0	6159	6159	0	255	0	255	0	255	1	1	0	7190	7190	0	255	0	255	0	255	1	1	0	7199	7199	0	255	0	255	0	255	1	1	0	6175	6175	0	0	0	255	0	255	1	1	0	6174	6174	0	0	0	255	0	255	1	1	0	0	0	0	0	0	0	0	0	0	0	0	0	0	0	0	0	0	0	0	0	0	0	6
91	67	3241	1412	0	610	611	0	0	0	0	5	4	10	66	1000000000	5	35	0	4	0	0	1245125376	1	0	0	1065353216	0	0	0	0	0	0	0	0	0	0	0	0	0	0	0	0	0	0	0	0	0	0	0	0	0	0	0	0	0	0	0	0	0	0	0	0	0	0	0	0	0	0	0	0	0	0	0	0	0	0	0	0	0	0	40	65	65	85	0	6180	6184	9	255	4	255	0	255	1	1	0	6159	6159	0	255	0	255	0	255	1	1	0	7190	7190	0	255	0	255	0	255	1	1	0	6174	6174	2	2	0	255	0	255	3	3	0	6175	6175	2	2	0	255	0	255	3	3	0	0	6143	9	255	4	255	0	255	1	255	4	0	0	0	0	0	0	0	0	0	0	0	0	0	0	0	0	0	0	0	0	0	0	6
92	57	3241	1412	0	610	611	0	0	0	0	4	4	10	66	200000	5	35	0	5	0	0	1245125376	1	0	0	1065353216	0	0	0	0	0	0	0	0	0	0	0	0	0	0	0	0	0	0	0	0	0	0	0	0	0	0	0	0	0	0	0	0	0	0	0	0	0	0	0	0	0	0	0	0	0	0	0	0	0	0	0	0	0	0	80	80	80	80	0	7359	7359	0	0	0	255	0	255	1	1	0	7348	7348	0	0	0	255	0	255	2	2	0	7356	7356	0	0	0	255	0	255	1	1	0	0	7167	7	255	1	255	0	255	3	255	16	0	0	0	0	0	0	0	0	0	0	0	0	0	0	0	0	0	0	0	0	0	0	0	0	0	0	0	0	0	0	0	0	0	0	0	0	0	0	0	0	0	0	0	0	4
93	57	3241	1412	0	610	611	0	0	0	0	4	4	10	66	200000	5	35	0	5	0	0	1245125376	1	0	0	1065353216	0	0	0	0	0	0	0	0	0	0	0	0	0	0	0	0	0	0	0	0	0	0	0	0	0	0	0	0	0	0	0	0	0	0	0	0	0	0	0	0	0	0	0	0	0	0	0	0	0	0	0	0	0	0	80	80	80	80	0	7360	7360	0	0	0	255	0	255	1	1	0	7349	7349	0	0	0	255	0	255	2	2	0	7353	7353	0	0	0	255	0	255	1	1	0	0	7167	7	255	1	255	0	255	3	255	16	0	0	0	0	0	0	0	0	0	0	0	0	0	0	0	0	0	0	0	0	0	0	0	0	0	0	0	0	0	0	0	0	0	0	0	0	0	0	0	0	0	0	0	0	4
94	57	3241	1412	0	610	611	0	0	0	0	4	4	10	66	200000	5	35	0	5	0	0	1245125376	1	0	0	1065353216	0	0	0	0	0	0	0	0	0	0	0	0	0	0	0	0	0	0	0	0	0	0	0	0	0	0	0	0	0	0	0	0	0	0	0	0	0	0	0	0	0	0	0	0	0	0	0	0	0	0	0	0	0	0	80	80	80	80	0	7361	7361	0	0	0	255	0	255	1	1	0	7350	7350	0	0	0	255	0	255	2	2	0	7356	7356	0	0	0	255	0	255	1	1	0	0	7167	7	255	1	255	0	255	3	255	16	0	0	0	0	0	0	0	0	0	0	0	0	0	0	0	0	0	0	0	0	0	0	0	0	0	0	0	0	0	0	0	0	0	0	0	0	0	0	0	0	0	0	0	0	4
95	57	3241	1412	0	610	611	0	0	0	0	4	4	10	66	200000	5	35	0	5	0	0	1245125376	1	0	0	1065353216	0	0	0	0	0	0	0	0	0	0	0	0	0	0	0	0	0	0	0	0	0	0	0	0	0	0	0	0	0	0	0	0	0	0	0	0	0	0	0	0	0	0	0	0	0	0	0	0	0	0	0	0	0	0	80	80	80	80	0	7362	7362	0	0	0	255	0	255	1	1	0	7351	7351	0	0	0	255	0	255	2	2	0	7353	7353	0	0	0	255	0	255	1	1	0	0	7167	7	255	1	255	0	255	3	255	16	0	0	0	0	0	0	0	0	0	0	0	0	0	0	0	0	0	0	0	0	0	0	0	0	0	0	0	0	0	0	0	0	0	0	0	0	0	0	0	0	0	0	0	0	4
96	57	3241	1412	0	610	611	0	0	0	0	4	4	10	66	200000	5	35	0	5	0	0	1245125376	1	0	0	1065353216	0	0	0	0	0	0	0	0	0	0	0	0	0	0	0	0	0	0	0	0	0	0	0	0	0	0	0	0	0	0	0	0	0	0	0	0	0	0	0	0	0	0	0	0	0	0	0	0	0	0	0	0	0	0	80	80	80	80	0	7363	7363	0	0	0	255	0	255	1	1	0	7350	7350	0	0	0	255	0	255	2	2	0	7354	7354	0	0	0	255	0	255	1	1	0	0	7167	7	255	1	255	0	255	3	255	16	0	0	0	0	0	0	0	0	0	0	0	0	0	0	0	0	0	0	0	0	0	0	0	0	0	0	0	0	0	0	0	0	0	0	0	0	0	0	0	0	0	0	0	0	4
97	57	3241	1412	0	610	611	0	0	0	0	4	4	10	66	200000	5	35	0	5	0	0	1245125376	1	0	0	1065353216	0	0	0	0	0	0	0	0	0	0	0	0	0	0	0	0	0	0	0	0	0	0	0	0	0	0	0	0	0	0	0	0	0	0	0	0	0	0	0	0	0	0	0	0	0	0	0	0	0	0	0	0	0	0	80	80	80	80	0	7364	7364	0	0	0	255	0	255	1	1	0	7348	7348	0	0	0	255	0	255	2	2	0	7353	7353	0	0	0	255	0	255	1	1	0	0	7167	7	255	1	255	0	255	3	255	16	0	0	0	0	0	0	0	0	0	0	0	0	0	0	0	0	0	0	0	0	0	0	0	0	0	0	0	0	0	0	0	0	0	0	0	0	0	0	0	0	0	0	0	0	4
98	57	3241	1412	0	610	611	0	0	0	0	4	4	10	66	200000	5	35	0	5	0	0	1245125376	1	0	0	1065353216	0	0	0	0	0	0	0	0	0	0	0	0	0	0	0	0	0	0	0	0	0	0	0	0	0	0	0	0	0	0	0	0	0	0	0	0	0	0	0	0	0	0	0	0	0	0	0	0	0	0	0	0	0	0	80	80	80	80	0	7365	7365	0	0	0	255	0	255	1	1	0	7352	7352	0	0	0	255	0	255	2	2	0	7355	7355	0	0	0	255	0	255	1	1	0	0	7167	7	255	1	255	0	255	3	255	16	0	0	0	0	0	0	0	0	0	0	0	0	0	0	0	0	0	0	0	0	0	0	0	0	0	0	0	0	0	0	0	0	0	0	0	0	0	0	0	0	0	0	0	0	4
99	57	3241	1412	0	610	611	0	0	0	0	4	4	10	66	200000	5	35	0	5	0	0	1245125376	1	0	0	1065353216	0	0	0	0	0	0	0	0	0	0	0	0	0	0	0	0	0	0	0	0	0	0	0	0	0	0	0	0	0	0	0	0	0	0	0	0	0	0	0	0	0	0	0	0	0	0	0	0	0	0	0	0	0	0	80	80	80	80	0	7366	7366	0	0	0	255	0	255	1	1	0	7350	7350	0	0	0	255	0	255	2	2	0	7353	7353	0	0	0	255	0	255	1	1	0	0	7167	7	255	1	255	0	255	3	255	16	0	0	0	0	0	0	0	0	0	0	0	0	0	0	0	0	0	0	0	0	0	0	0	0	0	0	0	0	0	0	0	0	0	0	0	0	0	0	0	0	0	0	0	0	4
100	57	3241	1412	0	610	611	0	0	0	0	4	4	10	66	200000	5	35	0	5	0	0	1245125376	1	0	0	1065353216	0	0	0	0	0	0	0	0	0	0	0	0	0	0	0	0	0	0	0	0	0	0	0	0	0	0	0	0	0	0	0	0	0	0	0	0	0	0	0	0	0	0	0	0	0	0	0	0	0	0	0	0	0	0	80	80	80	80	0	7367	7367	0	0	0	255	0	255	1	1	0	7352	7352	0	0	0	255	0	255	2	2	0	7354	7354	0	0	0	255	0	255	1	1	0	0	7167	7	255	1	255	0	255	3	255	16	0	0	0	0	0	0	0	0	0	0	0	0	0	0	0	0	0	0	0	0	0	0	0	0	0	0	0	0	0	0	0	0	0	0	0	0	0	0	0	0	0	0	0	0	4
101	57	3241	1412	0	610	611	0	0	0	0	4	4	10	66	200000	5	35	0	5	0	0	1245125376	1	0	0	1065353216	0	0	0	0	0	0	0	0	0	0	0	0	0	0	0	0	0	0	0	0	0	0	0	0	0	0	0	0	0	0	0	0	0	0	0	0	0	0	0	0	0	0	0	0	0	0	0	0	0	0	0	0	0	0	80	80	80	80	0	7368	7368	0	0	0	255	0	255	1	1	0	7352	7352	0	0	0	255	0	255	2	2	0	7356	7356	0	0	0	255	0	255	1	1	0	0	7167	7	255	1	255	0	255	3	255	16	0	0	0	0	0	0	0	0	0	0	0	0	0	0	0	0	0	0	0	0	0	0	0	0	0	0	0	0	0	0	0	0	0	0	0	0	0	0	0	0	0	0	0	0	4
102	57	3241	1412	0	610	611	0	0	0	0	4	4	10	66	200000	5	35	0	5	0	0	1245125376	1	0	0	1065353216	0	0	0	0	0	0	0	0	0	0	0	0	0	0	0	0	0	0	0	0	0	0	0	0	0	0	0	0	0	0	0	0	0	0	0	0	0	0	0	0	0	0	0	0	0	0	0	0	0	0	0	0	0	0	80	80	80	80	0	7369	7369	0	0	0	255	0	255	1	1	0	7349	7349	0	0	0	255	0	255	2	2	0	7355	7355	0	0	0	255	0	255	1	1	0	0	7167	7	255	1	255	0	255	3	255	16	0	0	0	0	0	0	0	0	0	0	0	0	0	0	0	0	0	0	0	0	0	0	0	0	0	0	0	0	0	0	0	0	0	0	0	0	0	0	0	0	0	0	0	0	4
103	66	2467	0	0	610	611	0	0	0	0	4	4	10	66	200000	1	32	0	4	0	0	1245125376	1	0	0	1065353216	0	0	0	0	0	0	0	0	0	0	0	0	0	0	0	0	0	0	0	0	0	0	0	0	0	0	0	0	0	0	0	0	0	0	0	0	0	0	0	0	0	0	0	0	0	0	0	0	0	0	0	0	0	0	100	65	100	100	0	2596	2596	11	255	4	255	0	255	1	1	1	7380	7380	0	255	0	255	0	255	1	1	0	6159	6159	0	255	0	255	0	255	1	1	0	6174	6174	2	2	0	255	0	255	1	1	0	6175	6175	2	2	0	255	0	255	1	1	0	6280	6280	2	2	0	255	0	255	1	1	0	7190	7190	0	255	0	255	0	255	1	1	0	0	0	0	0	0	0	0	0	0	0	0	7
104	57	3241	1412	0	610	611	0	0	0	0	4	4	10	66	200000	5	35	0	5	0	0	1245125376	1	0	0	1065353216	0	0	0	0	0	0	0	0	0	0	0	0	0	0	0	0	0	0	0	0	0	0	0	0	0	0	0	0	0	0	0	0	0	0	0	0	0	0	0	0	0	0	0	0	0	0	0	0	0	0	0	0	0	0	80	80	80	80	0	7370	7370	0	0	0	255	0	255	1	1	0	7352	7352	0	0	0	255	0	255	2	2	0	7353	7353	0	0	0	255	0	255	1	1	0	0	7167	7	255	1	255	0	255	3	255	16	0	0	0	0	0	0	0	0	0	0	0	0	0	0	0	0	0	0	0	0	0	0	0	0	0	0	0	0	0	0	0	0	0	0	0	0	0	0	0	0	0	0	0	0	4
105	67	3241	1412	0	610	611	0	0	0	0	5	4	10	66	1000000000	5	35	0	4	0	0	1245125376	1	0	0	1065353216	0	0	0	0	0	0	0	0	0	0	0	0	0	0	0	0	0	0	0	0	0	0	0	0	0	0	0	0	0	0	0	0	0	0	0	0	0	0	0	0	0	0	0	0	0	0	0	0	0	0	0	0	0	0	40	65	65	85	0	6187	6187	9	255	4	255	0	255	1	1	0	6159	6159	0	255	0	255	0	255	1	1	0	7190	7190	0	255	0	255	0	255	1	1	0	6174	6174	2	2	0	255	0	255	3	3	0	6175	6175	2	2	0	255	0	255	3	3	0	0	6143	9	255	4	255	0	255	1	255	4	0	0	0	0	0	0	0	0	0	0	0	0	0	0	0	0	0	0	0	0	0	0	6
106	68	3242	1412	0	610	611	0	0	0	0	2	1	10	66	200000	1	32	0	0	0	0	0	0	0	0	0	0	0	0	0	0	0	0	0	0	0	0	0	0	0	0	0	0	0	0	0	0	0	0	0	0	0	0	0	0	0	0	0	0	0	0	0	0	0	0	0	0	0	0	0	0	0	0	0	0	0	0	0	0	0	60	65	65	85	0	6180	6194	13	255	4	255	0	255	1	1	0	6285	6285	2	255	0	255	0	255	1	1	0	6281	6281	2	255	0	255	0	255	1	1	0	6174	6174	2	255	0	255	0	255	1	1	0	6175	6175	2	255	0	255	0	255	1	1	0	0	0	0	0	0	0	0	0	0	0	0	0	0	0	0	0	0	0	0	0	0	0	0	0	0	0	0	0	0	0	0	0	0	5
107	69	3163	1412	0	610	611	0	0	0	0	5	4	10	66	200000	1	32	0	0	0	0	0	0	0	0	0	0	0	0	0	0	0	0	0	0	0	0	0	0	0	0	0	0	0	0	0	0	0	0	0	0	0	0	0	0	0	0	0	0	0	0	0	0	0	0	0	0	0	0	0	0	0	0	0	0	0	0	0	0	0	40	65	65	85	0	7357	7357	0	255	0	255	0	255	1	1	0	6285	6285	2	255	0	255	0	255	1	1	0	6281	6281	2	255	0	255	0	255	1	1	0	6174	6174	2	255	0	255	0	255	1	1	0	6175	6175	2	255	0	255	0	255	1	1	0	0	0	0	0	0	0	0	0	0	0	0	0	0	0	0	0	0	0	0	0	0	0	0	0	0	0	0	0	0	0	0	0	0	5
108	70	3161	1412	0	610	611	0	0	0	0	5	4	10	66	200000	1	32	0	0	0	0	0	0	0	0	0	0	0	0	0	0	0	0	0	0	0	0	0	0	0	0	0	0	0	0	0	0	0	0	0	0	0	0	0	0	0	0	0	0	0	0	0	0	0	0	0	0	0	0	0	0	0	0	0	0	0	0	0	0	0	40	65	65	85	0	7348	7348	0	255	0	255	0	255	1	1	0	6285	6285	2	255	0	255	0	255	1	1	0	6281	6281	2	255	0	255	0	255	1	1	0	6174	6174	2	255	0	255	0	255	1	1	0	6175	6175	2	255	0	255	0	255	1	1	0	7349	7349	0	255	0	255	0	255	1	1	0	0	0	0	0	0	0	0	0	0	0	0	0	0	0	0	0	0	0	0	0	0	0	6
109	71	3162	1412	0	610	611	0	0	0	0	5	4	10	66	200000	1	32	0	0	0	0	0	0	0	0	0	0	0	0	0	0	0	0	0	0	0	0	0	0	0	0	0	0	0	0	0	0	0	0	0	0	0	0	0	0	0	0	0	0	0	0	0	0	0	0	0	0	0	0	0	0	0	0	0	0	0	0	0	0	0	40	65	65	85	0	7344	7344	0	255	0	255	0	255	1	1	0	6285	6285	2	255	0	255	0	255	1	1	0	6281	6281	2	255	0	255	0	255	1	1	0	6174	6174	2	255	0	255	0	255	1	1	0	6175	6175	2	255	0	255	0	255	1	1	0	0	0	0	0	0	0	0	0	0	0	0	0	0	0	0	0	0	0	0	0	0	0	0	0	0	0	0	0	0	0	0	0	0	5
110	72	3165	1412	0	610	611	0	0	0	0	5	4	10	66	200000	1	32	0	0	0	0	0	0	0	0	0	0	0	0	0	0	0	0	0	0	0	0	0	0	0	0	0	0	0	0	0	0	0	0	0	0	0	0	0	0	0	0	0	0	0	0	0	0	0	0	0	0	0	0	0	0	0	0	0	0	0	0	0	0	0	40	65	65	85	0	19	19	11	255	4	255	0	255	1	1	0	6285	6285	2	255	0	255	0	255	1	1	0	6281	6281	2	255	0	255	0	255	1	1	0	6174	6174	2	255	0	255	0	255	1	1	0	6175	6175	2	255	0	255	0	255	1	1	0	7359	7359	0	255	0	255	0	255	1	1	0	0	0	0	0	0	0	0	0	0	0	0	0	0	0	0	0	0	0	0	0	0	0	6
111	72	3165	1412	0	610	611	0	0	0	0	5	4	10	66	200000	1	32	0	0	0	0	0	0	0	0	0	0	0	0	0	0	0	0	0	0	0	0	0	0	0	0	0	0	0	0	0	0	0	0	0	0	0	0	0	0	0	0	0	0	0	0	0	0	0	0	0	0	0	0	0	0	0	0	0	0	0	0	0	0	0	40	65	65	85	0	35	35	11	255	4	255	0	255	1	1	0	6285	6285	2	255	0	255	0	255	1	1	0	6281	6281	2	255	0	255	0	255	1	1	0	6174	6174	2	255	0	255	0	255	1	1	0	6175	6175	2	255	0	255	0	255	1	1	0	7359	7359	0	255	0	255	0	255	1	1	0	0	0	0	0	0	0	0	0	0	0	0	0	0	0	0	0	0	0	0	0	0	0	6
112	72	3165	1412	0	610	611	0	0	0	0	5	4	10	66	200000	1	32	0	0	0	0	0	0	0	0	0	0	0	0	0	0	0	0	0	0	0	0	0	0	0	0	0	0	0	0	0	0	0	0	0	0	0	0	0	0	0	0	0	0	0	0	0	0	0	0	0	0	0	0	0	0	0	0	0	0	0	0	0	0	0	40	65	65	85	0	1037	1037	11	255	4	255	0	255	1	1	0	6285	6285	2	255	0	255	0	255	1	1	0	6281	6281	2	255	0	255	0	255	1	1	0	6174	6174	2	255	0	255	0	255	1	1	0	6175	6175	2	255	0	255	0	255	1	1	0	7359	7359	0	255	0	255	0	255	1	1	0	0	0	0	0	0	0	0	0	0	0	0	0	0	0	0	0	0	0	0	0	0	0	6
113	72	3165	1412	0	610	611	0	0	0	0	5	4	10	66	200000	1	32	0	0	0	0	0	0	0	0	0	0	0	0	0	0	0	0	0	0	0	0	0	0	0	0	0	0	0	0	0	0	0	0	0	0	0	0	0	0	0	0	0	0	0	0	0	0	0	0	0	0	0	0	0	0	0	0	0	0	0	0	0	0	0	40	65	65	85	0	2066	2066	11	255	4	255	0	255	1	1	0	6285	6285	2	255	0	255	0	255	1	1	0	6281	6281	2	255	0	255	0	255	1	1	0	6174	6174	2	255	0	255	0	255	1	1	0	6175	6175	2	255	0	255	0	255	1	1	0	7359	7359	0	255	0	255	0	255	1	1	0	0	0	0	0	0	0	0	0	0	0	0	0	0	0	0	0	0	0	0	0	0	0	6
114	72	3165	1412	0	610	611	0	0	0	0	5	4	10	66	200000	1	32	0	0	0	0	0	0	0	0	0	0	0	0	0	0	0	0	0	0	0	0	0	0	0	0	0	0	0	0	0	0	0	0	0	0	0	0	0	0	0	0	0	0	0	0	0	0	0	0	0	0	0	0	0	0	0	0	0	0	0	0	0	0	0	40	65	65	85	0	2570	2570	11	255	4	255	0	255	1	1	0	6285	6285	2	255	0	255	0	255	1	1	0	6281	6281	2	255	0	255	0	255	1	1	0	6174	6174	2	255	0	255	0	255	1	1	0	6175	6175	2	255	0	255	0	255	1	1	0	7359	7359	0	255	0	255	0	255	1	1	0	0	0	0	0	0	0	0	0	0	0	0	0	0	0	0	0	0	0	0	0	0	0	6
115	72	3165	1412	0	610	611	0	0	0	0	5	4	10	66	200000	1	32	0	0	0	0	0	0	0	0	0	0	0	0	0	0	0	0	0	0	0	0	0	0	0	0	0	0	0	0	0	0	0	0	0	0	0	0	0	0	0	0	0	0	0	0	0	0	0	0	0	0	0	0	0	0	0	0	0	0	0	0	0	0	0	40	65	65	85	0	2596	2596	11	255	4	255	0	255	1	1	0	6285	6285	2	255	0	255	0	255	1	1	0	6281	6281	2	255	0	255	0	255	1	1	0	6174	6174	2	255	0	255	0	255	1	1	0	6175	6175	2	255	0	255	0	255	1	1	0	7359	7359	0	255	0	255	0	255	1	1	0	0	0	0	0	0	0	0	0	0	0	0	0	0	0	0	0	0	0	0	0	0	0	6
116	73	3168	1412	0	610	611	0	0	0	0	5	4	10	66	200000	1	32	0	0	0	0	0	0	0	0	0	0	0	0	0	0	0	0	0	0	0	0	0	0	0	0	0	0	0	0	0	0	0	0	0	0	0	0	0	0	0	0	0	0	0	0	0	0	0	0	0	0	0	0	0	0	0	0	0	0	0	0	0	0	0	40	65	65	85	0	41	41	11	255	4	255	0	255	1	1	0	6285	6285	2	255	0	255	0	255	1	1	0	6281	6281	2	255	0	255	0	255	1	1	0	6174	6174	2	255	0	255	0	255	1	1	0	6175	6175	2	255	0	255	0	255	1	1	0	7359	7359	0	255	0	255	0	255	1	1	0	0	0	0	0	0	0	0	0	0	0	0	0	0	0	0	0	0	0	0	0	0	0	6
117	73	3168	1412	0	610	611	0	0	0	0	5	4	10	66	200000	1	32	0	0	0	0	0	0	0	0	0	0	0	0	0	0	0	0	0	0	0	0	0	0	0	0	0	0	0	0	0	0	0	0	0	0	0	0	0	0	0	0	0	0	0	0	0	0	0	0	0	0	0	0	0	0	0	0	0	0	0	0	0	0	0	40	65	65	85	0	45	45	11	255	4	255	0	255	1	1	0	6285	6285	2	255	0	255	0	255	1	1	0	6281	6281	2	255	0	255	0	255	1	1	0	6174	6174	2	255	0	255	0	255	1	1	0	6175	6175	2	255	0	255	0	255	1	1	0	7359	7359	0	255	0	255	0	255	1	1	0	0	0	0	0	0	0	0	0	0	0	0	0	0	0	0	0	0	0	0	0	0	0	6
118	73	3168	1412	0	610	611	0	0	0	0	5	4	10	66	200000	1	32	0	0	0	0	0	0	0	0	0	0	0	0	0	0	0	0	0	0	0	0	0	0	0	0	0	0	0	0	0	0	0	0	0	0	0	0	0	0	0	0	0	0	0	0	0	0	0	0	0	0	0	0	0	0	0	0	0	0	0	0	0	0	0	40	65	65	85	0	47	47	11	255	4	255	0	255	1	1	0	6285	6285	2	255	0	255	0	255	1	1	0	6281	6281	2	255	0	255	0	255	1	1	0	6174	6174	2	255	0	255	0	255	1	1	0	6175	6175	2	255	0	255	0	255	1	1	0	7359	7359	0	255	0	255	0	255	1	1	0	0	0	0	0	0	0	0	0	0	0	0	0	0	0	0	0	0	0	0	0	0	0	6
119	73	3168	1412	0	610	611	0	0	0	0	5	4	10	66	200000	1	32	0	0	0	0	0	0	0	0	0	0	0	0	0	0	0	0	0	0	0	0	0	0	0	0	0	0	0	0	0	0	0	0	0	0	0	0	0	0	0	0	0	0	0	0	0	0	0	0	0	0	0	0	0	0	0	0	0	0	0	0	0	0	0	40	65	65	85	0	1048	1048	11	255	4	255	0	255	1	1	0	6285	6285	2	255	0	255	0	255	1	1	0	6281	6281	2	255	0	255	0	255	1	1	0	6174	6174	2	255	0	255	0	255	1	1	0	6175	6175	2	255	0	255	0	255	1	1	0	7359	7359	0	255	0	255	0	255	1	1	0	0	0	0	0	0	0	0	0	0	0	0	0	0	0	0	0	0	0	0	0	0	0	6
120	73	3168	1412	0	610	611	0	0	0	0	5	4	10	66	200000	1	32	0	0	0	0	0	0	0	0	0	0	0	0	0	0	0	0	0	0	0	0	0	0	0	0	0	0	0	0	0	0	0	0	0	0	0	0	0	0	0	0	0	0	0	0	0	0	0	0	0	0	0	0	0	0	0	0	0	0	0	0	0	0	0	40	65	65	85	0	2078	2078	11	255	4	255	0	255	1	1	0	6285	6285	2	255	0	255	0	255	1	1	0	6281	6281	2	255	0	255	0	255	1	1	0	6174	6174	2	255	0	255	0	255	1	1	0	6175	6175	2	255	0	255	0	255	1	1	0	7359	7359	0	255	0	255	0	255	1	1	0	0	0	0	0	0	0	0	0	0	0	0	0	0	0	0	0	0	0	0	0	0	0	6
121	73	3168	1412	0	610	611	0	0	0	0	5	4	10	66	200000	1	32	0	0	0	0	0	0	0	0	0	0	0	0	0	0	0	0	0	0	0	0	0	0	0	0	0	0	0	0	0	0	0	0	0	0	0	0	0	0	0	0	0	0	0	0	0	0	0	0	0	0	0	0	0	0	0	0	0	0	0	0	0	0	0	40	65	65	85	0	2604	2605	11	255	4	255	0	255	1	1	0	6285	6285	2	255	0	255	0	255	1	1	0	6281	6281	2	255	0	255	0	255	1	1	0	6174	6174	2	255	0	255	0	255	1	1	0	6175	6175	2	255	0	255	0	255	1	1	0	7359	7359	0	255	0	255	0	255	1	1	0	0	0	0	0	0	0	0	0	0	0	0	0	0	0	0	0	0	0	0	0	0	0	6
122	74	3167	1412	0	610	611	0	0	0	0	3	3	10	66	5000000	1	32	0	0	0	0	0	0	0	0	0	0	0	0	0	0	0	0	0	0	0	0	0	0	0	0	0	0	0	0	0	0	0	0	0	0	0	0	0	0	0	0	0	0	0	0	0	0	0	0	0	0	0	0	0	0	0	0	0	0	0	0	0	0	0	40	65	65	85	0	6180	6184	9	255	0	255	0	255	1	1	0	6285	6285	2	255	0	255	0	255	1	1	0	6281	6281	2	255	0	255	0	255	1	1	0	6174	6174	2	255	0	255	0	255	0	255	0	6175	6175	2	255	0	255	0	255	1	1	0	0	0	0	0	0	0	0	0	0	0	0	0	0	0	0	0	0	0	0	0	0	0	0	0	0	0	0	0	0	0	0	0	0	5
123	74	3167	1412	0	610	611	0	0	0	0	3	3	10	66	5000000	1	32	0	0	0	0	0	0	0	0	0	0	0	0	0	0	0	0	0	0	0	0	0	0	0	0	0	0	0	0	0	0	0	0	0	0	0	0	0	0	0	0	0	0	0	0	0	0	0	0	0	0	0	0	0	0	0	0	0	0	0	0	0	0	0	40	65	65	85	0	6187	6187	9	255	0	255	0	255	1	1	0	6285	6285	2	255	0	255	0	255	1	1	0	6281	6281	2	255	0	255	0	255	1	1	0	6174	6174	2	255	0	255	0	255	0	255	0	6175	6175	2	255	0	255	0	255	1	1	0	0	0	0	0	0	0	0	0	0	0	0	0	0	0	0	0	0	0	0	0	0	0	0	0	0	0	0	0	0	0	0	0	0	5
124	74	3167	1412	0	610	611	0	0	0	0	3	3	10	66	5000000	1	32	0	0	0	0	0	0	0	0	0	0	0	0	0	0	0	0	0	0	0	0	0	0	0	0	0	0	0	0	0	0	0	0	0	0	0	0	0	0	0	0	0	0	0	0	0	0	0	0	0	0	0	0	0	0	0	0	0	0	0	0	0	0	0	40	65	65	85	0	6194	6194	9	255	0	255	0	255	1	1	0	6285	6285	2	255	0	255	0	255	1	1	0	6281	6281	2	255	0	255	0	255	1	1	0	6174	6174	2	255	0	255	0	255	0	255	0	6175	6175	2	255	0	255	0	255	1	1	0	0	0	0	0	0	0	0	0	0	0	0	0	0	0	0	0	0	0	0	0	0	0	0	0	0	0	0	0	0	0	0	0	0	5
125	75	3168	1412	0	610	611	0	0	0	0	3	3	10	66	5000000	1	32	0	0	0	0	0	0	0	0	0	0	0	0	0	0	0	0	0	0	0	0	0	0	0	0	0	0	0	0	0	0	0	0	0	0	0	0	0	0	0	0	0	0	0	0	0	0	0	0	0	0	0	0	0	0	0	0	0	0	0	0	0	0	0	40	65	65	85	0	6806	6858	0	255	0	255	0	255	1	1	0	6285	6285	2	255	0	255	0	255	1	1	0	6281	6281	2	255	0	255	0	255	1	1	0	6174	6174	2	255	0	255	0	255	0	255	0	6175	6175	2	255	0	255	0	255	1	1	0	0	0	0	0	0	0	0	0	0	0	0	0	0	0	0	0	0	0	0	0	0	0	0	0	0	0	0	0	0	0	0	0	0	5
126	77	3169	1412	0	610	611	0	0	0	0	5	4	10	66	200000	1	32	0	0	0	0	0	0	0	0	0	0	0	0	0	0	0	0	0	0	0	0	0	0	0	0	0	0	0	0	0	0	0	0	0	0	0	0	0	0	0	0	0	0	0	0	0	0	0	0	0	0	0	0	0	0	0	0	0	0	0	0	0	0	0	40	65	65	85	0	7339	7339	0	255	0	255	0	255	1	1	0	6285	6285	2	255	0	255	0	255	1	1	0	6281	6281	2	255	0	255	0	255	1	1	0	6174	6174	2	255	0	255	0	255	1	1	0	6175	6175	2	255	0	255	0	255	1	1	0	6280	6280	2	255	0	255	0	255	1	1	0	0	0	0	0	0	0	0	0	0	0	0	0	0	0	0	0	0	0	0	0	0	0	6
127	78	3170	1412	0	610	611	0	0	0	0	5	4	10	66	200000	1	32	0	0	0	0	0	0	0	0	0	0	0	0	0	0	0	0	0	0	0	0	0	0	0	0	0	0	0	0	0	0	0	0	0	0	0	0	0	0	0	0	0	0	0	0	0	0	0	0	0	0	0	0	0	0	0	0	0	0	0	0	0	0	0	30	65	65	85	0	7340	7340	0	255	0	255	0	255	1	1	0	6285	6285	2	255	0	255	0	255	1	1	0	6281	6281	2	255	0	255	0	255	1	1	0	6174	6174	2	255	0	255	0	255	1	1	0	6175	6175	2	255	0	255	0	255	1	1	0	6280	6280	2	255	0	255	0	255	1	1	0	0	0	0	0	0	0	0	0	0	0	0	0	0	0	0	0	0	0	0	0	0	0	6
128	79	3171	1412	0	610	611	0	0	0	0	5	4	10	66	200000	1	32	0	0	0	0	0	0	0	0	0	0	0	0	0	0	0	0	0	0	0	0	0	0	0	0	0	0	0	0	0	0	0	0	0	0	0	0	0	0	0	0	0	0	0	0	0	0	0	0	0	0	0	0	0	0	0	0	0	0	0	0	0	0	0	25	65	65	85	0	7341	7341	0	255	0	255	0	255	1	1	0	6285	6285	2	255	0	255	0	255	1	1	0	6281	6281	2	255	0	255	0	255	1	1	0	6174	6174	2	255	0	255	0	255	1	1	0	6175	6175	2	255	0	255	0	255	1	1	0	6280	6280	2	255	0	255	0	255	1	1	0	0	0	0	0	0	0	0	0	0	0	0	0	0	0	0	0	0	0	0	0	0	0	6
129	80	3172	1412	0	610	611	0	0	0	0	5	4	10	66	200000	1	32	0	0	0	0	0	0	0	0	0	0	0	0	0	0	0	0	0	0	0	0	0	0	0	0	0	0	0	0	0	0	0	0	0	0	0	0	0	0	0	0	0	0	0	0	0	0	0	0	0	0	0	0	0	0	0	0	0	0	0	0	0	0	0	25	65	65	85	0	7342	7342	0	255	0	255	0	255	1	1	0	6285	6285	2	255	0	255	0	255	1	1	0	6281	6281	2	255	0	255	0	255	1	1	0	6174	6174	2	255	0	255	0	255	1	1	0	6175	6175	2	255	0	255	0	255	1	1	0	6280	6280	2	255	0	255	0	255	1	1	0	0	0	0	0	0	0	0	0	0	0	0	0	0	0	0	0	0	0	0	0	0	0	6
130	130	3900	1412	0	610	611	0	0	0	0	4	4	10	65	1000000	1	32	0	0	0	0	0	0	0	0	0	0	0	0	0	0	0	0	0	0	0	0	0	0	0	0	0	0	0	0	0	0	0	0	0	0	0	0	0	0	0	0	0	0	0	0	0	0	0	0	0	0	0	0	0	0	0	0	0	0	0	0	0	0	0	60	65	85	85	0	6693	6693	0	255	0	0	0	255	3	3	0	6693	6693	0	255	1	1	0	255	1	1	0	6693	6693	0	255	2	2	0	255	1	1	0	6892	6892	0	255	0	255	0	255	1	1	0	3587	3587	9	255	4	255	0	255	1	1	0	0	0	0	0	0	0	0	0	0	0	0	0	0	0	0	0	0	0	0	0	0	0	0	0	0	0	0	0	0	0	0	0	0	1
131	131	3901	1412	0	610	611	0	0	0	0	4	4	10	66	1000000	1	32	0	0	0	0	0	0	0	0	0	0	0	0	0	0	0	0	0	0	0	0	0	0	0	0	0	0	0	0	0	0	0	0	0	0	0	0	0	0	0	0	0	0	0	0	0	0	0	0	0	0	0	0	0	0	0	0	0	0	0	0	0	0	0	50	65	65	85	0	7568	7568	0	255	0	255	0	255	1	1	0	7190	7190	0	255	0	255	0	255	1	1	0	6159	6159	0	255	0	255	0	255	1	1	0	6147	6150	4	255	4	255	0	255	1	1	0	6175	6175	2	255	0	255	0	255	1	1	0	0	0	0	0	0	0	0	0	0	0	0	0	0	0	0	0	0	0	0	0	0	0	0	0	0	0	0	0	0	0	0	0	0	4
132	132	3901	1412	0	610	611	0	0	0	0	4	4	10	66	1000000	1	32	0	0	0	0	0	0	0	0	0	0	0	0	0	0	0	0	0	0	0	0	0	0	0	0	0	0	0	0	0	0	0	0	0	0	0	0	0	0	0	0	0	0	0	0	0	0	0	0	0	0	0	0	0	0	0	0	0	0	0	0	0	0	0	50	65	65	85	0	7569	7569	0	255	0	255	0	255	1	1	0	7190	7190	0	255	0	255	0	255	1	1	0	6159	6159	0	255	0	255	0	255	1	1	0	6147	6150	4	255	4	255	0	255	1	1	0	6175	6175	2	255	0	255	0	255	1	1	0	0	0	0	0	0	0	0	0	0	0	0	0	0	0	0	0	0	0	0	0	0	0	0	0	0	0	0	0	0	0	0	0	0	4
133	133	3901	1412	0	610	611	0	0	0	0	4	4	10	66	1000000	1	32	0	0	0	0	0	0	0	0	0	0	0	0	0	0	0	0	0	0	0	0	0	0	0	0	0	0	0	0	0	0	0	0	0	0	0	0	0	0	0	0	0	0	0	0	0	0	0	0	0	0	0	0	0	0	0	0	0	0	0	0	0	0	0	50	65	65	85	0	7570	7570	0	255	0	255	0	255	1	1	0	7190	7190	0	255	0	255	0	255	1	1	0	6159	6159	0	255	0	255	0	255	1	1	0	6147	6150	4	255	4	255	0	255	1	1	0	6175	6175	2	255	0	255	0	255	1	1	0	0	0	0	0	0	0	0	0	0	0	0	0	0	0	0	0	0	0	0	0	0	0	0	0	0	0	0	0	0	0	0	0	0	4
134	134	3901	1412	0	610	611	0	0	0	0	4	4	10	66	1000000	1	32	0	0	0	0	0	0	0	0	0	0	0	0	0	0	0	0	0	0	0	0	0	0	0	0	0	0	0	0	0	0	0	0	0	0	0	0	0	0	0	0	0	0	0	0	0	0	0	0	0	0	0	0	0	0	0	0	0	0	0	0	0	0	0	50	65	65	85	0	7571	7571	0	255	0	255	0	255	1	1	0	7190	7190	0	255	0	255	0	255	1	1	0	6159	6159	0	255	0	255	0	255	1	1	0	6147	6150	4	255	4	255	0	255	1	1	0	6175	6175	2	255	0	255	0	255	1	1	0	0	0	0	0	0	0	0	0	0	0	0	0	0	0	0	0	0	0	0	0	0	0	0	0	0	0	0	0	0	0	0	0	0	4
135	135	3902	1412	0	610	611	0	0	0	0	4	4	10	66	1000000	1	32	0	0	0	0	0	0	0	0	0	0	0	0	0	0	0	0	0	0	0	0	0	0	0	0	0	0	0	0	0	0	0	0	0	0	0	0	0	0	0	0	0	0	0	0	0	0	0	0	0	0	0	0	0	0	0	0	0	0	0	0	0	0	0	50	65	65	85	0	7573	7573	0	255	0	255	0	255	1	1	0	7574	7574	0	255	0	255	0	255	1	1	0	6285	6285	2	255	0	255	0	255	1	1	0	6281	6281	2	255	0	255	0	255	1	1	0	6174	6174	2	255	0	255	0	255	1	1	0	6175	6175	2	255	0	255	0	255	1	1	0	0	0	0	0	0	0	0	0	0	0	0	0	0	0	0	0	0	0	0	0	0	0	6
136	0	0	0	0	0	0	0	0	0	0	0	0	0	0	0	0	0	0	0	0	0	0	0	0	0	0	0	0	0	0	0	0	0	0	0	0	0	0	0	0	0	0	0	0	0	0	0	0	0	0	0	0	0	0	0	0	0	0	0	0	0	0	0	0	0	0	0	0	0	0	0	0	0	0	0	0	0	0	0	0	0	0	0	0	0	0	0	0	0	0	0	0	0	0	0	0	0	0	0	0	0	0	0	0	0	0	0	0	0	0	0	0	0	0	0	0	0	0	0	0	0	0	0	0	0	0	0	0	0	0	0	0	0	0	0	0	0	0	0	0	0	0	0	0	0	0	0	0	0	0	0	0	0	0	0	0	0	0	0	0	0	0	0	0	0	0	0	0	0	0	0	0	0	0
137	0	0	0	0	0	0	0	0	0	0	0	0	0	0	0	0	0	0	0	0	0	0	0	0	0	0	0	0	0	0	0	0	0	0	0	0	0	0	0	0	0	0	0	0	0	0	0	0	0	0	0	0	0	0	0	0	0	0	0	0	0	0	0	0	0	0	0	0	0	0	0	0	0	0	0	0	0	0	0	0	0	0	0	0	0	0	0	0	0	0	0	0	0	0	0	0	0	0	0	0	0	0	0	0	0	0	0	0	0	0	0	0	0	0	0	0	0	0	0	0	0	0	0	0	0	0	0	0	0	0	0	0	0	0	0	0	0	0	0	0	0	0	0	0	0	0	0	0	0	0	0	0	0	0	0	0	0	0	0	0	0	0	0	0	0	0	0	0	0	0	0	0	0	0
138	0	0	0	0	0	0	0	0	0	0	0	0	0	0	0	0	0	0	0	0	0	0	0	0	0	0	0	0	0	0	0	0	0	0	0	0	0	0	0	0	0	0	0	0	0	0	0	0	0	0	0	0	0	0	0	0	0	0	0	0	0	0	0	0	0	0	0	0	0	0	0	0	0	0	0	0	0	0	0	0	0	0	0	0	0	0	0	0	0	0	0	0	0	0	0	0	0	0	0	0	0	0	0	0	0	0	0	0	0	0	0	0	0	0	0	0	0	0	0	0	0	0	0	0	0	0	0	0	0	0	0	0	0	0	0	0	0	0	0	0	0	0	0	0	0	0	0	0	0	0	0	0	0	0	0	0	0	0	0	0	0	0	0	0	0	0	0	0	0	0	0	0	0	0
139	0	0	0	0	0	0	0	0	0	0	0	0	0	0	0	0	0	0	0	0	0	0	0	0	0	0	0	0	0	0	0	0	0	0	0	0	0	0	0	0	0	0	0	0	0	0	0	0	0	0	0	0	0	0	0	0	0	0	0	0	0	0	0	0	0	0	0	0	0	0	0	0	0	0	0	0	0	0	0	0	0	0	0	0	0	0	0	0	0	0	0	0	0	0	0	0	0	0	0	0	0	0	0	0	0	0	0	0	0	0	0	0	0	0	0	0	0	0	0	0	0	0	0	0	0	0	0	0	0	0	0	0	0	0	0	0	0	0	0	0	0	0	0	0	0	0	0	0	0	0	0	0	0	0	0	0	0	0	0	0	0	0	0	0	0	0	0	0	0	0	0	0	0	0
140	140	3910	1412	0	610	611	0	0	0	0	4	4	10	66	1000000	1	32	0	0	0	0	0	0	0	0	0	0	0	0	0	0	0	0	0	0	0	0	0	0	0	0	0	0	0	0	0	0	0	0	0	0	0	0	0	0	0	0	0	0	0	0	0	0	0	0	0	0	0	0	0	0	0	0	0	0	0	0	0	0	0	50	65	65	85	0	7578	7578	0	255	0	255	0	255	1	1	0	7582	7582	0	255	0	255	0	255	1	1	0	6285	6285	2	255	0	255	0	255	1	1	0	6281	6281	2	255	0	255	0	255	1	1	0	6174	6174	2	255	0	255	0	255	1	1	0	6175	6175	2	255	0	255	0	255	1	1	0	0	0	0	0	0	0	0	0	0	0	0	0	0	0	0	0	0	0	0	0	0	0	6
141	0	0	0	0	0	0	0	0	0	0	0	0	0	0	0	0	0	0	0	0	0	0	0	0	0	0	0	0	0	0	0	0	0	0	0	0	0	0	0	0	0	0	0	0	0	0	0	0	0	0	0	0	0	0	0	0	0	0	0	0	0	0	0	0	0	0	0	0	0	0	0	0	0	0	0	0	0	0	0	0	0	0	0	0	0	0	0	0	0	0	0	0	0	0	0	0	0	0	0	0	0	0	0	0	0	0	0	0	0	0	0	0	0	0	0	0	0	0	0	0	0	0	0	0	0	0	0	0	0	0	0	0	0	0	0	0	0	0	0	0	0	0	0	0	0	0	0	0	0	0	0	0	0	0	0	0	0	0	0	0	0	0	0	0	0	0	0	0	0	0	0	0	0	0
142	0	0	0	0	0	0	0	0	0	0	0	0	0	0	0	0	0	0	0	0	0	0	0	0	0	0	0	0	0	0	0	0	0	0	0	0	0	0	0	0	0	0	0	0	0	0	0	0	0	0	0	0	0	0	0	0	0	0	0	0	0	0	0	0	0	0	0	0	0	0	0	0	0	0	0	0	0	0	0	0	0	0	0	0	0	0	0	0	0	0	0	0	0	0	0	0	0	0	0	0	0	0	0	0	0	0	0	0	0	0	0	0	0	0	0	0	0	0	0	0	0	0	0	0	0	0	0	0	0	0	0	0	0	0	0	0	0	0	0	0	0	0	0	0	0	0	0	0	0	0	0	0	0	0	0	0	0	0	0	0	0	0	0	0	0	0	0	0	0	0	0	0	0	0
143	0	0	0	0	0	0	0	0	0	0	0	0	0	0	0	0	0	0	0	0	0	0	0	0	0	0	0	0	0	0	0	0	0	0	0	0	0	0	0	0	0	0	0	0	0	0	0	0	0	0	0	0	0	0	0	0	0	0	0	0	0	0	0	0	0	0	0	0	0	0	0	0	0	0	0	0	0	0	0	0	0	0	0	0	0	0	0	0	0	0	0	0	0	0	0	0	0	0	0	0	0	0	0	0	0	0	0	0	0	0	0	0	0	0	0	0	0	0	0	0	0	0	0	0	0	0	0	0	0	0	0	0	0	0	0	0	0	0	0	0	0	0	0	0	0	0	0	0	0	0	0	0	0	0	0	0	0	0	0	0	0	0	0	0	0	0	0	0	0	0	0	0	0	0
144	0	0	0	0	0	0	0	0	0	0	0	0	0	0	0	0	0	0	0	0	0	0	0	0	0	0	0	0	0	0	0	0	0	0	0	0	0	0	0	0	0	0	0	0	0	0	0	0	0	0	0	0	0	0	0	0	0	0	0	0	0	0	0	0	0	0	0	0	0	0	0	0	0	0	0	0	0	0	0	0	0	0	0	0	0	0	0	0	0	0	0	0	0	0	0	0	0	0	0	0	0	0	0	0	0	0	0	0	0	0	0	0	0	0	0	0	0	0	0	0	0	0	0	0	0	0	0	0	0	0	0	0	0	0	0	0	0	0	0	0	0	0	0	0	0	0	0	0	0	0	0	0	0	0	0	0	0	0	0	0	0	0	0	0	0	0	0	0	0	0	0	0	0	0
145	0	0	0	0	0	0	0	0	0	0	0	0	0	0	0	0	0	0	0	0	0	0	0	0	0	0	0	0	0	0	0	0	0	0	0	0	0	0	0	0	0	0	0	0	0	0	0	0	0	0	0	0	0	0	0	0	0	0	0	0	0	0	0	0	0	0	0	0	0	0	0	0	0	0	0	0	0	0	0	0	0	0	0	0	0	0	0	0	0	0	0	0	0	0	0	0	0	0	0	0	0	0	0	0	0	0	0	0	0	0	0	0	0	0	0	0	0	0	0	0	0	0	0	0	0	0	0	0	0	0	0	0	0	0	0	0	0	0	0	0	0	0	0	0	0	0	0	0	0	0	0	0	0	0	0	0	0	0	0	0	0	0	0	0	0	0	0	0	0	0	0	0	0	0
146	0	0	0	0	0	0	0	0	0	0	0	0	0	0	0	0	0	0	0	0	0	0	0	0	0	0	0	0	0	0	0	0	0	0	0	0	0	0	0	0	0	0	0	0	0	0	0	0	0	0	0	0	0	0	0	0	0	0	0	0	0	0	0	0	0	0	0	0	0	0	0	0	0	0	0	0	0	0	0	0	0	0	0	0	0	0	0	0	0	0	0	0	0	0	0	0	0	0	0	0	0	0	0	0	0	0	0	0	0	0	0	0	0	0	0	0	0	0	0	0	0	0	0	0	0	0	0	0	0	0	0	0	0	0	0	0	0	0	0	0	0	0	0	0	0	0	0	0	0	0	0	0	0	0	0	0	0	0	0	0	0	0	0	0	0	0	0	0	0	0	0	0	0	0
147	0	0	0	0	0	0	0	0	0	0	0	0	0	0	0	0	0	0	0	0	0	0	0	0	0	0	0	0	0	0	0	0	0	0	0	0	0	0	0	0	0	0	0	0	0	0	0	0	0	0	0	0	0	0	0	0	0	0	0	0	0	0	0	0	0	0	0	0	0	0	0	0	0	0	0	0	0	0	0	0	0	0	0	0	0	0	0	0	0	0	0	0	0	0	0	0	0	0	0	0	0	0	0	0	0	0	0	0	0	0	0	0	0	0	0	0	0	0	0	0	0	0	0	0	0	0	0	0	0	0	0	0	0	0	0	0	0	0	0	0	0	0	0	0	0	0	0	0	0	0	0	0	0	0	0	0	0	0	0	0	0	0	0	0	0	0	0	0	0	0	0	0	0	0
148	0	0	0	0	0	0	0	0	0	0	0	0	0	0	0	0	0	0	0	0	0	0	0	0	0	0	0	0	0	0	0	0	0	0	0	0	0	0	0	0	0	0	0	0	0	0	0	0	0	0	0	0	0	0	0	0	0	0	0	0	0	0	0	0	0	0	0	0	0	0	0	0	0	0	0	0	0	0	0	0	0	0	0	0	0	0	0	0	0	0	0	0	0	0	0	0	0	0	0	0	0	0	0	0	0	0	0	0	0	0	0	0	0	0	0	0	0	0	0	0	0	0	0	0	0	0	0	0	0	0	0	0	0	0	0	0	0	0	0	0	0	0	0	0	0	0	0	0	0	0	0	0	0	0	0	0	0	0	0	0	0	0	0	0	0	0	0	0	0	0	0	0	0	0
149	0	0	0	0	0	0	0	0	0	0	0	0	0	0	0	0	0	0	0	0	0	0	0	0	0	0	0	0	0	0	0	0	0	0	0	0	0	0	0	0	0	0	0	0	0	0	0	0	0	0	0	0	0	0	0	0	0	0	0	0	0	0	0	0	0	0	0	0	0	0	0	0	0	0	0	0	0	0	0	0	0	0	0	0	0	0	0	0	0	0	0	0	0	0	0	0	0	0	0	0	0	0	0	0	0	0	0	0	0	0	0	0	0	0	0	0	0	0	0	0	0	0	0	0	0	0	0	0	0	0	0	0	0	0	0	0	0	0	0	0	0	0	0	0	0	0	0	0	0	0	0	0	0	0	0	0	0	0	0	0	0	0	0	0	0	0	0	0	0	0	0	0	0	0
150	0	0	0	0	0	0	0	0	0	0	0	0	0	0	0	0	0	0	0	0	0	0	0	0	0	0	0	0	0	0	0	0	0	0	0	0	0	0	0	0	0	0	0	0	0	0	0	0	0	0	0	0	0	0	0	0	0	0	0	0	0	0	0	0	0	0	0	0	0	0	0	0	0	0	0	0	0	0	0	0	0	0	0	0	0	0	0	0	0	0	0	0	0	0	0	0	0	0	0	0	0	0	0	0	0	0	0	0	0	0	0	0	0	0	0	0	0	0	0	0	0	0	0	0	0	0	0	0	0	0	0	0	0	0	0	0	0	0	0	0	0	0	0	0	0	0	0	0	0	0	0	0	0	0	0	0	0	0	0	0	0	0	0	0	0	0	0	0	0	0	0	0	0	0

end
1
0	1	736	0	0	588	589	590	588	589	590	5	4	10	66	10000	3	33	0	4	0	0	1184645120	0	0	0	0	0	0	0	0	0	0	0	0	0	0	0	0	0	0	0	0	0	0	0	0	0	0	0	0	0	0	0	0	0	0	0	0	0	0	0	0	0	0	0	0	0	0	0	0	0	0	0	0	0	0	0	0	0	0	100	66	85	85	0	0	6143	4	255	4	255	0	255	1	255	0	6159	6159	0	255	0	255	0	255	1	255	0	7182	7182	0	255	0	255	0	255	0	255	0	7181	7181	0	255	0	255	0	255	0	255	0	0	0	0	0	0	0	0	0	0	0	0	0	0	0	0	0	0	0	0	0	0	0	0	0	0	0	0	0	0	0	0	0	0	0	0	0	0	0	0	0	0	0	0	0	4
end
2
0	36	2194	1412	0	0	0	0	0	0	0	-1	-1	10	65	10000000	14	0	1112014848	1	0	7	0	5	0	5	0	38	0	2	0	0	1082130432	6	0	4	0	0	1077936128	6	0	3	0	0	1092616192	0	0	0	0	0	0	0	0	0	0	0	0	0	0	0	0	0	0	0	0	0	0	0	0	0	0	0	0	0	0	0	0	0	0	0	0	70	67	85	85	0	0	6143	4	255	4	255	0	255	1	1	0	7199	7199	0	255	0	255	0	255	1	1	0	7210	7210	0	255	0	255	0	255	1	1	0	0	0	0	0	0	0	0	0	0	0	0	0	0	0	0	0	0	0	0	0	0	0	0	0	0	0	0	0	0	0	0	0	0	0	0	0	0	0	0	0	0	0	0	0	0	0	0	0	0	0	0	0	0	0	0	3
end
3
0	18	1640	0	0	0	0	0	0	0	0	4	5	10	65	1000000000	1	32	0	0	0	0	0	0	0	0	0	0	0	0	0	0	0	0	0	0	0	0	0	0	0	0	0	0	0	0	0	0	0	0	0	0	0	0	0	0	0	0	0	0	0	0	0	0	0	0	0	0	0	0	0	0	0	0	0	0	0	0	0	0	0	100	65	85	85	0	7199	7199	0	255	0	255	0	255	30	30	0	6174	6174	2	2	0	255	0	255	1	1	0	6175	6175	2	2	0	255	0	255	1	1	0	0	0	0	0	0	0	0	0	0	0	0	0	0	0	0	0	0	0	0	0	0	0	0	0	0	0	0	0	0	0	0	0	0	0	0	0	0	0	0	0	0	0	0	0	0	0	0	0	0	0	0	0	0	0	0	3
end
4
0	14	1214	1212	0	0	0	0	0	0	0	1	1	1	65	1000000	1	32	0	0	0	0	0	0	0	0	0	0	0	0	0	0	1114624	16781312	0	0	0	0	0	0	0	0	0	0	0	0	0	0	0	0	0	0	0	0	0	0	0	0	0	0	0	0	0	0	0	0	0	0	0	0	0	0	0	0	0	0	0	0	0	0	0	60	65	65	85	0	6687	6687	1	1	0	255	0	255	1	1	0	7181	7181	0	255	0	255	0	255	2	2	0	7182	7182	0	255	0	255	0	255	2	2	0	7190	7190	0	255	0	255	0	255	1	1	0	6159	6159	0	255	0	255	0	255	1	1	0	0	0	0	0	0	0	0	0	0	0	0	0	0	0	0	0	0	0	0	0	0	0	0	0	0	0	0	0	0	0	0	0	0	5
1	13	1187	1212	0	0	0	0	0	0	0	1	1	1	65	5000000	1	32	0	0	0	0	0	0	0	0	0	0	0	0	0	0	0	0	0	0	0	0	0	0	0	0	0	0	0	0	0	0	0	0	0	0	0	0	0	0	0	0	0	0	0	0	0	0	0	0	0	0	0	0	0	0	0	0	0	0	0	0	0	0	0	60	65	65	85	0	6687	6687	0	0	0	255	0	255	1	1	0	7181	7181	0	255	0	255	0	255	5	5	0	7182	7182	0	255	0	255	0	255	5	5	0	7190	7190	0	255	0	255	0	255	1	1	0	6159	6159	0	255	0	255	0	255	1	1	0	0	0	0	0	0	0	0	0	0	0	0	0	0	0	0	0	0	0	0	0	0	0	0	0	0	0	0	0	0	0	0	0	0	5
end
5
0	34	2061	0	0	0	0	0	2222	0	0	1	1	1	65	0	1	32	0	0	0	0	0	0	0	0	0	0	0	0	0	0	0	0	0	0	0	0	0	0	0	0	0	0	0	0	0	0	0	0	0	0	0	0	0	0	0	0	0	0	0	0	0	0	0	0	0	0	0	0	0	0	0	0	0	0	0	0	0	0	0	50	71	85	85	0	0	6143	0	255	0	255	0	255	1	1	1	0	0	0	0	0	0	0	0	0	0	0	0	0	0	0	0	0	0	0	0	0	0	0	0	0	0	0	0	0	0	0	0	0	0	0	0	0	0	0	0	0	0	0	0	0	0	0	0	0	0	0	0	0	0	0	0	0	0	0	0	0	0	0	0	0	0	0	0	0	0	0	0	0	0	0	0	0	1
1	34	2061	0	0	0	0	0	2222	0	0	1	1	1	65	0	1	32	0	0	0	0	0	0	0	0	0	0	0	0	0	0	0	0	0	0	0	0	0	0	0	0	0	0	0	0	0	0	0	0	0	0	0	0	0	0	0	0	0	0	0	0	0	0	0	0	0	0	0	0	0	0	0	0	0	0	0	0	0	0	0	20	71	85	85	0	0	6143	0	255	0	255	0	255	1	1	0	0	0	0	0	0	0	0	0	0	0	0	0	0	0	0	0	0	0	0	0	0	0	0	0	0	0	0	0	0	0	0	0	0	0	0	0	0	0	0	0	0	0	0	0	0	0	0	0	0	0	0	0	0	0	0	0	0	0	0	0	0	0	0	0	0	0	0	0	0	0	0	0	0	0	0	0	0	1
end
6
0	35	1550	2336	2062	0	0	0	0	0	0	-1	-1	1	68	0	1	32	0	0	0	0	0	0	0	0	0	0	0	0	0	0	0	0	0	0	0	0	0	0	0	0	0	0	0	0	0	0	0	0	0	0	0	0	0	0	0	0	0	0	0	0	0	0	0	0	0	0	0	0	0	0	0	0	0	0	0	0	0	0	0	100	65	85	85	0	0	6143	0	255	0	255	0	255	1	1	8	0	0	0	0	0	0	0	0	0	0	0	0	0	0	0	0	0	0	0	0	0	0	0	0	0	0	0	0	0	0	0	0	0	0	0	0	0	0	0	0	0	0	0	0	0	0	0	0	0	0	0	0	0	0	0	0	0	0	0	0	0	0	0	0	0	0	0	0	0	0	0	0	0	0	0	0	0	1
end
7
0	33	2203	0	0	0	0	0	0	0	0	1	1	1	65	0	1	32	0	0	0	0	0	0	0	0	0	0	0	0	0	0	0	0	0	0	0	0	0	0	0	0	0	0	0	0	0	0	0	0	0	0	0	0	0	0	0	0	0	0	0	0	0	0	0	0	0	0	0	0	0	0	0	0	0	0	0	0	0	0	0	80	65	85	85	0	7209	7209	0	255	0	255	0	255	1	1	0	0	0	0	0	0	0	0	0	0	0	0	0	0	0	0	0	0	0	0	0	0	0	0	0	0	0	0	0	0	0	0	0	0	0	0	0	0	0	0	0	0	0	0	0	0	0	0	0	0	0	0	0	0	0	0	0	0	0	0	0	0	0	0	0	0	0	0	0	0	0	0	0	0	0	0	0	0	1
end
8
0	40	2265	0	0	2261	2263	2267	0	0	0	2	4	1	65	0	1	32	0	0	0	0	0	0	0	0	0	0	0	0	0	0	0	0	0	0	0	0	0	0	0	0	0	0	0	0	0	0	0	0	0	0	0	0	0	0	0	0	0	0	2032128	16781312	0	0	0	0	0	0	0	0	0	0	0	0	0	0	0	0	0	0	0	100	65	85	85	0	7263	7263	0	255	0	255	0	255	1	1	0	0	0	0	0	0	0	0	0	0	0	0	0	0	0	0	0	0	0	0	0	0	0	0	0	0	0	0	0	0	0	0	0	0	0	0	0	0	0	0	0	0	0	0	0	0	0	0	0	0	0	0	0	0	0	0	0	0	0	0	0	0	0	0	0	0	0	0	0	0	0	0	0	0	0	0	0	0	1
1	40	2265	0	0	2261	2263	2267	0	0	0	2	4	1	65	0	1	32	0	0	0	0	0	0	0	0	0	0	0	0	0	0	0	0	0	0	0	0	0	0	0	0	0	0	0	0	0	0	0	0	0	0	0	0	0	0	0	0	0	0	0	0	0	0	0	0	0	0	0	0	0	0	0	0	0	0	0	0	0	0	0	100	65	85	85	0	7222	7222	0	255	0	255	0	255	1	1	0	0	0	0	0	0	0	0	0	0	0	0	0	0	0	0	0	0	0	0	0	0	0	0	0	0	0	0	0	0	0	0	0	0	0	0	0	0	0	0	0	0	0	0	0	0	0	0	0	0	0	0	0	0	0	0	0	0	0	0	0	0	0	0	0	0	0	0	0	0	0	0	0	0	0	0	0	0	1
2	40	2265	0	0	2261	2263	2267	0	0	0	2	4	1	65	0	1	32	0	0	0	0	0	0	0	0	0	0	0	0	0	0	0	0	0	0	0	0	0	0	0	0	0	0	0	0	0	0	0	0	0	0	0	0	0	0	0	0	0	0	0	0	0	0	0	0	0	0	0	0	0	0	0	0	0	0	0	0	0	0	0	100	65	85	85	0	7260	7260	0	255	0	255	0	255	1	1	0	0	0	0	0	0	0	0	0	0	0	0	0	0	0	0	0	0	0	0	0	0	0	0	0	0	0	0	0	0	0	0	0	0	0	0	0	0	0	0	0	0	0	0	0	0	0	0	0	0	0	0	0	0	0	0	0	0	0	0	0	0	0	0	0	0	0	0	0	0	0	0	0	0	0	0	0	0	1
3	40	2265	0	0	2261	2263	2267	0	0	0	2	4	1	65	0	1	32	0	0	0	0	0	0	0	0	0	0	0	0	0	0	0	0	0	0	0	0	0	0	0	0	0	0	0	0	0	0	0	0	0	0	0	0	0	0	0	0	0	0	0	0	0	0	0	0	0	0	0	0	0	0	0	0	0	0	0	0	0	0	0	100	65	85	85	0	7261	7261	0	255	0	255	0	255	1	1	0	0	0	0	0	0	0	0	0	0	0	0	0	0	0	0	0	0	0	0	0	0	0	0	0	0	0	0	0	0	0	0	0	0	0	0	0	0	0	0	0	0	0	0	0	0	0	0	0	0	0	0	0	0	0	0	0	0	0	0	0	0	0	0	0	0	0	0	0	0	0	0	0	0	0	0	0	0	1
end
9
0	41	2560	0	0	0	0	0	0	0	0	2	4	1	65	0	1	32	0	0	0	0	0	0	0	0	0	0	0	0	0	0	0	0	0	0	0	0	0	0	0	0	0	0	0	0	0	0	0	0	0	0	0	0	0	0	0	0	0	0	0	0	0	0	0	0	0	0	0	0	0	0	0	0	0	0	0	0	0	0	0	100	65	85	85	0	7258	7258	0	255	0	255	0	255	50	50	0	0	0	0	0	0	0	0	0	0	0	0	0	0	0	0	0	0	0	0	0	0	0	0	0	0	0	0	0	0	0	0	0	0	0	0	0	0	0	0	0	0	0	0	0	0	0	0	0	0	0	0	0	0	0	0	0	0	0	0	0	0	0	0	0	0	0	0	0	0	0	0	0	0	0	0	0	0	1
1	41	2560	0	0	0	0	0	0	0	0	2	4	1	65	0	1	32	0	0	0	0	0	0	0	0	0	0	0	0	0	0	0	0	0	0	0	0	0	0	0	0	0	0	0	0	0	0	0	0	0	0	0	0	0	0	0	0	0	0	0	0	0	0	0	0	0	0	0	0	0	0	0	0	0	0	0	0	0	0	0	100	65	85	85	0	7257	7257	0	255	0	255	0	255	30	30	0	0	0	0	0	0	0	0	0	0	0	0	0	0	0	0	0	0	0	0	0	0	0	0	0	0	0	0	0	0	0	0	0	0	0	0	0	0	0	0	0	0	0	0	0	0	0	0	0	0	0	0	0	0	0	0	0	0	0	0	0	0	0	0	0	0	0	0	0	0	0	0	0	0	0	0	0	0	1
2	41	2560	0	0	0	0	0	0	0	0	2	4	1	65	0	1	32	0	0	0	0	0	0	0	0	0	0	0	0	0	0	0	0	0	0	0	0	0	0	0	0	0	0	0	0	0	0	0	0	0	0	0	0	0	0	0	0	0	0	0	0	0	0	0	0	0	0	0	0	0	0	0	0	0	0	0	0	0	0	0	100	65	85	85	0	7256	7256	0	255	0	255	0	255	10	10	0	0	0	0	0	0	0	0	0	0	0	0	0	0	0	0	0	0	0	0	0	0	0	0	0	0	0	0	0	0	0	0	0	0	0	0	0	0	0	0	0	0	0	0	0	0	0	0	0	0	0	0	0	0	0	0	0	0	0	0	0	0	0	0	0	0	0	0	0	0	0	0	0	0	0	0	0	0	1
end
10
0	42	2664	0	0	0	0	0	0	0	0	1	1	10	65	1000000	9	0	1117782016	1	0	5	0	35	0	1	0	37	0	6	0	4	0	0	1212370944	0	0	0	0	0	0	0	0	0	0	0	0	0	0	0	0	0	0	0	0	0	0	0	0	0	0	0	0	0	0	0	0	0	0	0	0	0	0	0	0	0	0	0	0	0	0	90	65	85	85	0	0	6143	4	255	0	255	0	255	1	1	1	0	6143	4	255	0	255	0	255	1	1	4	7210	7210	0	255	0	255	0	255	1	1	0	6159	6159	0	255	0	255	0	255	1	1	0	7190	7190	0	255	0	255	0	255	1	1	0	0	0	0	0	0	0	0	0	0	0	0	0	0	0	0	0	0	0	0	0	0	0	0	0	0	0	0	0	0	0	0	0	0	5
end
11
0	43	2665	0	0	0	0	0	0	0	0	1	1	10	65	1000000	5	0	1117782016	1	0	39	0	4	0	0	1212370944	0	0	0	0	0	0	0	0	0	0	0	0	0	0	0	0	0	0	0	0	0	0	0	0	0	0	0	0	0	0	0	0	0	0	0	0	0	0	0	0	0	0	0	0	0	0	0	0	0	0	0	0	0	0	90	65	85	85	0	6204	6209	0	255	0	255	0	255	1	1	0	6214	6218	0	255	0	255	0	255	1	1	0	6159	6159	0	255	0	255	0	255	1	1	0	7190	7190	0	255	0	255	0	255	1	1	0	0	0	0	0	0	0	0	0	0	0	0	0	0	0	0	0	0	0	0	0	0	0	0	0	0	0	0	0	0	0	0	0	0	0	0	0	0	0	0	0	0	0	0	0	4
end
12
0	44	2669	0	0	0	0	0	0	0	0	-1	-1	10	65	1000000	1	32	0	0	0	0	0	0	0	0	0	0	0	0	0	0	0	0	0	0	0	0	0	0	0	0	0	0	0	0	0	0	0	0	0	0	0	0	0	0	0	0	0	0	0	0	0	0	0	0	0	0	0	0	0	0	0	0	0	0	0	0	0	0	0	100	72	85	85	0	0	3071	0	255	0	255	0	255	1	1	16	6244	6272	0	255	0	255	0	255	1	1	0	6159	6159	0	255	0	255	0	255	1	1	0	7190	7190	0	255	0	255	0	255	1	1	0	0	0	0	0	0	0	0	0	0	0	0	0	0	0	0	0	0	0	0	0	0	0	0	0	0	0	0	0	0	0	0	0	0	0	0	0	0	0	0	0	0	0	0	0	4
1	44	2669	0	0	0	0	0	0	0	0	-1	-1	10	65	1000000	1	32	0	0	0	0	0	0	0	0	0	0	0	0	0	0	0	0	0	0	0	0	0	0	0	0	0	0	0	0	0	0	0	0	0	0	0	0	0	0	0	0	0	0	0	0	0	0	0	0	0	0	0	0	0	0	0	0	0	0	0	0	0	0	0	100	73	85	85	0	3072	6143	0	255	0	255	0	255	1	1	16	6245	6273	0	255	0	255	0	255	1	1	0	6159	6159	0	255	0	255	0	255	1	1	0	7190	7190	0	255	0	255	0	255	1	1	0	0	0	0	0	0	0	0	0	0	0	0	0	0	0	0	0	0	0	0	0	0	0	0	0	0	0	0	0	0	0	0	0	0	0	0	0	0	0	0	0	0	0	0	0	4
end
13
0	45	2670	0	0	0	0	0	0	0	0	-1	-1	10	65	1000000	1	32	0	0	0	0	0	0	0	0	0	0	0	0	0	0	0	0	0	0	0	0	0	0	0	0	0	0	0	0	0	0	0	0	0	0	0	0	0	0	0	0	0	0	0	0	0	0	0	0	0	0	0	0	0	0	0	0	0	0	0	0	0	0	0	100	65	85	85	0	0	6143	0	255	0	255	0	255	1	1	16	0	0	0	0	0	0	0	0	0	0	0	0	0	0	0	0	0	0	0	0	0	0	0	0	0	0	0	0	0	0	0	0	0	0	0	0	0	0	0	0	0	0	0	0	0	0	0	0	0	0	0	0	0	0	0	0	0	0	0	0	0	0	0	0	0	0	0	0	0	0	0	0	0	0	0	0	0	1
end
